-5.000000	0.038462
-4.990000	0.035791
-4.980000	0.033164
-4.970000	0.030581
-4.960000	0.028041
-4.950000	0.025543
-4.940000	0.023089
-4.930000	0.020676
-4.920000	0.018307
-4.910000	0.015979
-4.900000	0.013693
-4.890000	0.011448
-4.880000	0.009245
-4.870000	0.007083
-4.860000	0.004961
-4.850000	0.002881
-4.840000	0.000841
-4.830000	-0.001159
-4.820000	-0.003119
-4.810000	-0.005039
-4.800000	-0.006920
-4.790000	-0.008761
-4.780000	-0.010563
-4.770000	-0.012327
-4.760000	-0.014051
-4.750000	-0.015738
-4.740000	-0.017386
-4.730000	-0.018996
-4.720000	-0.020568
-4.710000	-0.022103
-4.700000	-0.023600
-4.690000	-0.025060
-4.680000	-0.026483
-4.670000	-0.027870
-4.660000	-0.029220
-4.650000	-0.030534
-4.640000	-0.031811
-4.630000	-0.033053
-4.620000	-0.034260
-4.610000	-0.035430
-4.600000	-0.036566
-4.590000	-0.037667
-4.580000	-0.038733
-4.570000	-0.039764
-4.560000	-0.040761
-4.550000	-0.041724
-4.540000	-0.042653
-4.530000	-0.043548
-4.520000	-0.044410
-4.510000	-0.045238
-4.500000	-0.046034
-4.490000	-0.046796
-4.480000	-0.047526
-4.470000	-0.048223
-4.460000	-0.048888
-4.450000	-0.049521
-4.440000	-0.050122
-4.430000	-0.050692
-4.420000	-0.051230
-4.410000	-0.051737
-4.400000	-0.052212
-4.390000	-0.052657
-4.380000	-0.053072
-4.370000	-0.053455
-4.360000	-0.053809
-4.350000	-0.054133
-4.340000	-0.054426
-4.330000	-0.054691
-4.320000	-0.054925
-4.310000	-0.055131
-4.300000	-0.055307
-4.290000	-0.055455
-4.280000	-0.055574
-4.270000	-0.055665
-4.260000	-0.055727
-4.250000	-0.055762
-4.240000	-0.055768
-4.230000	-0.055747
-4.220000	-0.055699
-4.210000	-0.055623
-4.200000	-0.055520
-4.190000	-0.055390
-4.180000	-0.055234
-4.170000	-0.055051
-4.160000	-0.054842
-4.150000	-0.054607
-4.140000	-0.054346
-4.130000	-0.054059
-4.120000	-0.053746
-4.110000	-0.053409
-4.100000	-0.053046
-4.090000	-0.052658
-4.080000	-0.052246
-4.070000	-0.051809
-4.060000	-0.051347
-4.050000	-0.050862
-4.040000	-0.050352
-4.030000	-0.049818
-4.020000	-0.049261
-4.010000	-0.048681
-4.000000	-0.048077
-3.990000	-0.047450
-3.980000	-0.046800
-3.970000	-0.046128
-3.960000	-0.045433
-3.950000	-0.044715
-3.940000	-0.043976
-3.930000	-0.043214
-3.920000	-0.042431
-3.910000	-0.041626
-3.900000	-0.040800
-3.890000	-0.039952
-3.880000	-0.039084
-3.870000	-0.038194
-3.860000	-0.037284
-3.850000	-0.036353
-3.840000	-0.035402
-3.830000	-0.034430
-3.820000	-0.033439
-3.810000	-0.032428
-3.800000	-0.031397
-3.790000	-0.030347
-3.780000	-0.029277
-3.770000	-0.028188
-3.760000	-0.027081
-3.750000	-0.025954
-3.740000	-0.024809
-3.730000	-0.023645
-3.720000	-0.022464
-3.710000	-0.021264
-3.700000	-0.020046
-3.690000	-0.018810
-3.680000	-0.017557
-3.670000	-0.016287
-3.660000	-0.014999
-3.650000	-0.013694
-3.640000	-0.012372
-3.630000	-0.011034
-3.620000	-0.009679
-3.610000	-0.008308
-3.600000	-0.006920
-3.590000	-0.005516
-3.580000	-0.004097
-3.570000	-0.002661
-3.560000	-0.001211
-3.550000	0.000256
-3.540000	0.001737
-3.530000	0.003234
-3.520000	0.004745
-3.510000	0.006272
-3.500000	0.007812
-3.490000	0.009368
-3.480000	0.010937
-3.470000	0.012521
-3.460000	0.014118
-3.450000	0.015730
-3.440000	0.017355
-3.430000	0.018993
-3.420000	0.020645
-3.410000	0.022310
-3.400000	0.023988
-3.390000	0.025678
-3.380000	0.027382
-3.370000	0.029098
-3.360000	0.030826
-3.350000	0.032566
-3.340000	0.034319
-3.330000	0.036083
-3.320000	0.037859
-3.310000	0.039647
-3.300000	0.041446
-3.290000	0.043257
-3.280000	0.045078
-3.270000	0.046911
-3.260000	0.048754
-3.250000	0.050608
-3.240000	0.052473
-3.230000	0.054348
-3.220000	0.056233
-3.210000	0.058129
-3.200000	0.060034
-3.190000	0.061949
-3.180000	0.063874
-3.170000	0.065808
-3.160000	0.067751
-3.150000	0.069704
-3.140000	0.071666
-3.130000	0.073636
-3.120000	0.075616
-3.110000	0.077604
-3.100000	0.079600
-3.090000	0.081605
-3.080000	0.083618
-3.070000	0.085639
-3.060000	0.087668
-3.050000	0.089705
-3.040000	0.091749
-3.030000	0.093801
-3.020000	0.095860
-3.010000	0.097927
-3.000000	0.100000
-2.990000	0.102080
-2.980000	0.104168
-2.970000	0.106261
-2.960000	0.108362
-2.950000	0.110468
-2.940000	0.112581
-2.930000	0.114700
-2.920000	0.116825
-2.910000	0.118956
-2.900000	0.121092
-2.890000	0.123235
-2.880000	0.125382
-2.870000	0.127535
-2.860000	0.129693
-2.850000	0.131856
-2.840000	0.134024
-2.830000	0.136196
-2.820000	0.138374
-2.810000	0.140555
-2.800000	0.142742
-2.790000	0.144932
-2.780000	0.147126
-2.770000	0.149325
-2.760000	0.151527
-2.750000	0.153733
-2.740000	0.155943
-2.730000	0.158156
-2.720000	0.160373
-2.710000	0.162593
-2.700000	0.164816
-2.690000	0.167041
-2.680000	0.169270
-2.670000	0.171502
-2.660000	0.173736
-2.650000	0.175972
-2.640000	0.178211
-2.630000	0.180452
-2.620000	0.182695
-2.610000	0.184941
-2.600000	0.187188
-2.590000	0.189437
-2.580000	0.191687
-2.570000	0.193939
-2.560000	0.196192
-2.550000	0.198447
-2.540000	0.200703
-2.530000	0.202960
-2.520000	0.205218
-2.510000	0.207476
-2.500000	0.209736
-2.490000	0.211995
-2.480000	0.214256
-2.470000	0.216517
-2.460000	0.218777
-2.450000	0.221038
-2.440000	0.223300
-2.430000	0.225560
-2.420000	0.227821
-2.410000	0.230082
-2.400000	0.232342
-2.390000	0.234601
-2.380000	0.236860
-2.370000	0.239118
-2.360000	0.241375
-2.350000	0.243631
-2.340000	0.245886
-2.330000	0.248140
-2.320000	0.250392
-2.310000	0.252643
-2.300000	0.254892
-2.290000	0.257140
-2.280000	0.259386
-2.270000	0.261631
-2.260000	0.263873
-2.250000	0.266113
-2.240000	0.268351
-2.230000	0.270587
-2.220000	0.272821
-2.210000	0.275052
-2.200000	0.277280
-2.190000	0.279506
-2.180000	0.281729
-2.170000	0.283949
-2.160000	0.286166
-2.150000	0.288380
-2.140000	0.290591
-2.130000	0.292798
-2.120000	0.295002
-2.110000	0.297203
-2.100000	0.299400
-2.090000	0.301594
-2.080000	0.303783
-2.070000	0.305969
-2.060000	0.308151
-2.050000	0.310329
-2.040000	0.312503
-2.030000	0.314672
-2.020000	0.316837
-2.010000	0.318998
-2.000000	0.321154
-1.990000	0.323305
-1.980000	0.325452
-1.970000	0.327594
-1.960000	0.329731
-1.950000	0.331863
-1.940000	0.333991
-1.930000	0.336112
-1.920000	0.338229
-1.910000	0.340340
-1.900000	0.342446
-1.890000	0.344547
-1.880000	0.346642
-1.870000	0.348731
-1.860000	0.350814
-1.850000	0.352891
-1.840000	0.354963
-1.830000	0.357028
-1.820000	0.359088
-1.810000	0.361141
-1.800000	0.363188
-1.790000	0.365228
-1.780000	0.367262
-1.770000	0.369290
-1.760000	0.371311
-1.750000	0.373325
-1.740000	0.375332
-1.730000	0.377333
-1.720000	0.379326
-1.710000	0.381313
-1.700000	0.383292
-1.690000	0.385265
-1.680000	0.387230
-1.670000	0.389188
-1.660000	0.391138
-1.650000	0.393081
-1.640000	0.395016
-1.630000	0.396944
-1.620000	0.398864
-1.610000	0.400776
-1.600000	0.402680
-1.590000	0.404576
-1.580000	0.406465
-1.570000	0.408345
-1.560000	0.410217
-1.550000	0.412081
-1.540000	0.413936
-1.530000	0.415783
-1.520000	0.417622
-1.510000	0.419452
-1.500000	0.421274
-1.490000	0.423087
-1.480000	0.424891
-1.470000	0.426687
-1.460000	0.428473
-1.450000	0.430251
-1.440000	0.432020
-1.430000	0.433779
-1.420000	0.435530
-1.410000	0.437271
-1.400000	0.439003
-1.390000	0.440726
-1.380000	0.442439
-1.370000	0.444143
-1.360000	0.445837
-1.350000	0.447522
-1.340000	0.449197
-1.330000	0.450863
-1.320000	0.452518
-1.310000	0.454164
-1.300000	0.455800
-1.290000	0.457426
-1.280000	0.459042
-1.270000	0.460648
-1.260000	0.462244
-1.250000	0.463830
-1.240000	0.465405
-1.230000	0.466970
-1.220000	0.468525
-1.210000	0.470069
-1.200000	0.471603
-1.190000	0.473126
-1.180000	0.474639
-1.170000	0.476141
-1.160000	0.477633
-1.150000	0.479113
-1.140000	0.480583
-1.130000	0.482042
-1.120000	0.483491
-1.110000	0.484928
-1.100000	0.486354
-1.090000	0.487769
-1.080000	0.489173
-1.070000	0.490566
-1.060000	0.491948
-1.050000	0.493318
-1.040000	0.494677
-1.030000	0.496025
-1.020000	0.497362
-1.010000	0.498687
-1.000000	0.500000
-0.990000	0.501302
-0.980000	0.502592
-0.970000	0.503871
-0.960000	0.505138
-0.950000	0.506393
-0.940000	0.507637
-0.930000	0.508869
-0.920000	0.510088
-0.910000	0.511296
-0.900000	0.512492
-0.890000	0.513677
-0.880000	0.514849
-0.870000	0.516009
-0.860000	0.517157
-0.850000	0.518292
-0.840000	0.519416
-0.830000	0.520527
-0.820000	0.521626
-0.810000	0.522713
-0.800000	0.523788
-0.790000	0.524850
-0.780000	0.525900
-0.770000	0.526937
-0.760000	0.527962
-0.750000	0.528974
-0.740000	0.529974
-0.730000	0.530961
-0.720000	0.531935
-0.710000	0.532897
-0.700000	0.533846
-0.690000	0.534783
-0.680000	0.535707
-0.670000	0.536618
-0.660000	0.537516
-0.650000	0.538401
-0.640000	0.539273
-0.630000	0.540133
-0.620000	0.540980
-0.610000	0.541813
-0.600000	0.542634
-0.590000	0.543441
-0.580000	0.544236
-0.570000	0.545018
-0.560000	0.545786
-0.550000	0.546541
-0.540000	0.547284
-0.530000	0.548013
-0.520000	0.548728
-0.510000	0.549431
-0.500000	0.550120
-0.490000	0.550796
-0.480000	0.551459
-0.470000	0.552108
-0.460000	0.552745
-0.450000	0.553367
-0.440000	0.553977
-0.430000	0.554573
-0.420000	0.555155
-0.410000	0.555724
-0.400000	0.556280
-0.390000	0.556822
-0.380000	0.557351
-0.370000	0.557866
-0.360000	0.558368
-0.350000	0.558856
-0.340000	0.559330
-0.330000	0.559791
-0.320000	0.560239
-0.310000	0.560672
-0.300000	0.561092
-0.290000	0.561499
-0.280000	0.561892
-0.270000	0.562271
-0.260000	0.562636
-0.250000	0.562988
-0.240000	0.563326
-0.230000	0.563651
-0.220000	0.563961
-0.210000	0.564258
-0.200000	0.564542
-0.190000	0.564811
-0.180000	0.565067
-0.170000	0.565309
-0.160000	0.565537
-0.150000	0.565751
-0.140000	0.565952
-0.130000	0.566138
-0.120000	0.566311
-0.110000	0.566470
-0.100000	0.566616
-0.090000	0.566747
-0.080000	0.566865
-0.070000	0.566969
-0.060000	0.567058
-0.050000	0.567135
-0.040000	0.567197
-0.030000	0.567245
-0.020000	0.567280
-0.010000	0.567301
-0.000000	0.567308
0.010000	0.567301
0.020000	0.567280
0.030000	0.567245
0.040000	0.567197
0.050000	0.567135
0.060000	0.567058
0.070000	0.566969
0.080000	0.566865
0.090000	0.566747
0.100000	0.566616
0.110000	0.566470
0.120000	0.566311
0.130000	0.566138
0.140000	0.565952
0.150000	0.565751
0.160000	0.565537
0.170000	0.565309
0.180000	0.565067
0.190000	0.564811
0.200000	0.564542
0.210000	0.564258
0.220000	0.563961
0.230000	0.563651
0.240000	0.563326
0.250000	0.562988
0.260000	0.562636
0.270000	0.562271
0.280000	0.561892
0.290000	0.561499
0.300000	0.561093
0.310000	0.560672
0.320000	0.560239
0.330000	0.559791
0.340000	0.559330
0.350000	0.558856
0.360000	0.558368
0.370000	0.557866
0.380000	0.557351
0.390000	0.556822
0.400000	0.556280
0.410000	0.555724
0.420000	0.555155
0.430000	0.554573
0.440000	0.553977
0.450000	0.553367
0.460000	0.552745
0.470000	0.552108
0.480000	0.551459
0.490000	0.550796
0.500000	0.550120
0.510000	0.549431
0.520000	0.548728
0.530000	0.548013
0.540000	0.547284
0.550000	0.546541
0.560000	0.545786
0.570000	0.545018
0.580000	0.544236
0.590000	0.543441
0.600000	0.542634
0.610000	0.541813
0.620000	0.540980
0.630000	0.540133
0.640000	0.539273
0.650000	0.538401
0.660000	0.537516
0.670000	0.536618
0.680000	0.535707
0.690000	0.534783
0.700000	0.533846
0.710000	0.532897
0.720000	0.531935
0.730000	0.530961
0.740000	0.529974
0.750000	0.528974
0.760000	0.527962
0.770000	0.526937
0.780000	0.525900
0.790000	0.524850
0.800000	0.523788
0.810000	0.522713
0.820000	0.521626
0.830000	0.520527
0.840000	0.519416
0.850000	0.518292
0.860000	0.517157
0.870000	0.516009
0.880000	0.514849
0.890000	0.513677
0.900000	0.512493
0.910000	0.511296
0.920000	0.510088
0.930000	0.508869
0.940000	0.507637
0.950000	0.506393
0.960000	0.505138
0.970000	0.503871
0.980000	0.502592
0.990000	0.501302
1.000000	0.500000
1.010000	0.498687
1.020000	0.497362
1.030000	0.496025
1.040000	0.494677
1.050000	0.493318
1.060000	0.491948
1.070000	0.490566
1.080000	0.489173
1.090000	0.487769
1.100000	0.486354
1.110000	0.484928
1.120000	0.483491
1.130000	0.482042
1.140000	0.480583
1.150000	0.479113
1.160000	0.477633
1.170000	0.476141
1.180000	0.474639
1.190000	0.473126
1.200000	0.471603
1.210000	0.470069
1.220000	0.468525
1.230000	0.466970
1.240000	0.465405
1.250000	0.463830
1.260000	0.462244
1.270000	0.460648
1.280000	0.459042
1.290000	0.457426
1.300000	0.455800
1.310000	0.454164
1.320000	0.452518
1.330000	0.450863
1.340000	0.449197
1.350000	0.447522
1.360000	0.445837
1.370000	0.444143
1.380000	0.442439
1.390000	0.440726
1.400000	0.439003
1.410000	0.437271
1.420000	0.435530
1.430000	0.433779
1.440000	0.432020
1.450000	0.430251
1.460000	0.428473
1.470000	0.426687
1.480000	0.424891
1.490000	0.423087
1.500000	0.421274
1.510000	0.419452
1.520000	0.417622
1.530000	0.415783
1.540000	0.413936
1.550000	0.412081
1.560000	0.410217
1.570000	0.408345
1.580000	0.406465
1.590000	0.404576
1.600000	0.402680
1.610000	0.400776
1.620000	0.398864
1.630000	0.396944
1.640000	0.395016
1.650000	0.393081
1.660000	0.391138
1.670000	0.389188
1.680000	0.387230
1.690000	0.385265
1.700000	0.383293
1.710000	0.381313
1.720000	0.379326
1.730000	0.377333
1.740000	0.375332
1.750000	0.373325
1.760000	0.371311
1.770000	0.369290
1.780000	0.367262
1.790000	0.365228
1.800000	0.363188
1.810000	0.361141
1.820000	0.359088
1.830000	0.357028
1.840000	0.354963
1.850000	0.352891
1.860000	0.350814
1.870000	0.348731
1.880000	0.346642
1.890000	0.344547
1.900000	0.342446
1.910000	0.340340
1.920000	0.338229
1.930000	0.336112
1.940000	0.333991
1.950000	0.331863
1.960000	0.329731
1.970000	0.327594
1.980000	0.325452
1.990000	0.323305
2.000000	0.321154
2.010000	0.318998
2.020000	0.316837
2.030000	0.314672
2.040000	0.312503
2.050000	0.310329
2.060000	0.308151
2.070000	0.305969
2.080000	0.303783
2.090000	0.301594
2.100000	0.299400
2.110000	0.297203
2.120000	0.295002
2.130000	0.292798
2.140000	0.290591
2.150000	0.288380
2.160000	0.286166
2.170000	0.283949
2.180000	0.281729
2.190000	0.279506
2.200000	0.277280
2.210000	0.275052
2.220000	0.272821
2.230000	0.270587
2.240000	0.268351
2.250000	0.266113
2.260000	0.263873
2.270000	0.261631
2.280000	0.259386
2.290000	0.257140
2.300000	0.254893
2.310000	0.252643
2.320000	0.250392
2.330000	0.248140
2.340000	0.245886
2.350000	0.243631
2.360000	0.241375
2.370000	0.239118
2.380000	0.236860
2.390000	0.234601
2.400000	0.232342
2.410000	0.230082
2.420000	0.227821
2.430000	0.225560
2.440000	0.223300
2.450000	0.221038
2.460000	0.218777
2.470000	0.216517
2.480000	0.214256
2.490000	0.211995
2.500000	0.209736
2.510000	0.207476
2.520000	0.205218
2.530000	0.202960
2.540000	0.200703
2.550000	0.198447
2.560000	0.196192
2.570000	0.193939
2.580000	0.191687
2.590000	0.189437
2.600000	0.187188
2.610000	0.184941
2.620000	0.182695
2.630000	0.180452
2.640000	0.178211
2.650000	0.175972
2.660000	0.173736
2.670000	0.171502
2.680000	0.169270
2.690000	0.167041
2.700000	0.164816
2.710000	0.162593
2.720000	0.160373
2.730000	0.158156
2.740000	0.155943
2.750000	0.153733
2.760000	0.151527
2.770000	0.149325
2.780000	0.147126
2.790000	0.144932
2.800000	0.142742
2.810000	0.140555
2.820000	0.138374
2.830000	0.136196
2.840000	0.134024
2.850000	0.131856
2.860000	0.129693
2.870000	0.127535
2.880000	0.125382
2.890000	0.123235
2.900000	0.121093
2.910000	0.118956
2.920000	0.116825
2.930000	0.114700
2.940000	0.112581
2.950000	0.110468
2.960000	0.108362
2.970000	0.106261
2.980000	0.104168
2.990000	0.102080
3.000000	0.100000
3.010000	0.097927
3.020000	0.095860
3.030000	0.093801
3.040000	0.091749
3.050000	0.089705
3.060000	0.087668
3.070000	0.085639
3.080000	0.083618
3.090000	0.081605
3.100000	0.079600
3.110000	0.077604
3.120000	0.075616
3.130000	0.073636
3.140000	0.071666
3.150000	0.069704
3.160000	0.067751
3.170000	0.065808
3.180000	0.063874
3.190000	0.061949
3.200000	0.060034
3.210000	0.058129
3.220000	0.056233
3.230000	0.054348
3.240000	0.052473
3.250000	0.050608
3.260000	0.048754
3.270000	0.046911
3.280000	0.045078
3.290000	0.043257
3.300000	0.041446
3.310000	0.039647
3.320000	0.037859
3.330000	0.036083
3.340000	0.034319
3.350000	0.032566
3.360000	0.030826
3.370000	0.029098
3.380000	0.027382
3.390000	0.025678
3.400000	0.023988
3.410000	0.022310
3.420000	0.020645
3.430000	0.018993
3.440000	0.017355
3.450000	0.015730
3.460000	0.014118
3.470000	0.012521
3.480000	0.010937
3.490000	0.009368
3.500000	0.007813
3.510000	0.006272
3.520000	0.004745
3.530000	0.003234
3.540000	0.001737
3.550000	0.000256
3.560000	-0.001211
3.570000	-0.002661
3.580000	-0.004097
3.590000	-0.005516
3.600000	-0.006920
3.610000	-0.008308
3.620000	-0.009679
3.630000	-0.011034
3.640000	-0.012372
3.650000	-0.013694
3.660000	-0.014999
3.670000	-0.016287
3.680000	-0.017557
3.690000	-0.018810
3.700000	-0.020046
3.710000	-0.021264
3.720000	-0.022464
3.730000	-0.023645
3.740000	-0.024809
3.750000	-0.025954
3.760000	-0.027081
3.770000	-0.028188
3.780000	-0.029277
3.790000	-0.030347
3.800000	-0.031397
3.810000	-0.032428
3.820000	-0.033439
3.830000	-0.034430
3.840000	-0.035402
3.850000	-0.036353
3.860000	-0.037284
3.870000	-0.038194
3.880000	-0.039084
3.890000	-0.039952
3.900000	-0.040800
3.910000	-0.041626
3.920000	-0.042431
3.930000	-0.043214
3.940000	-0.043976
3.950000	-0.044715
3.960000	-0.045433
3.970000	-0.046128
3.980000	-0.046800
3.990000	-0.047450
4.000000	-0.048077
4.010000	-0.048681
4.020000	-0.049261
4.030000	-0.049818
4.040000	-0.050352
4.050000	-0.050862
4.060000	-0.051347
4.070000	-0.051809
4.080000	-0.052246
4.090000	-0.052658
4.100000	-0.053046
4.110000	-0.053409
4.120000	-0.053746
4.130000	-0.054059
4.140000	-0.054346
4.150000	-0.054607
4.160000	-0.054842
4.170000	-0.055051
4.180000	-0.055234
4.190000	-0.055390
4.200000	-0.055520
4.210000	-0.055623
4.220000	-0.055699
4.230000	-0.055747
4.240000	-0.055768
4.250000	-0.055762
4.260000	-0.055727
4.270000	-0.055665
4.280000	-0.055574
4.290000	-0.055455
4.300000	-0.055308
4.310000	-0.055131
4.320000	-0.054925
4.330000	-0.054691
4.340000	-0.054426
4.350000	-0.054133
4.360000	-0.053809
4.370000	-0.053455
4.380000	-0.053072
4.390000	-0.052657
4.400000	-0.052212
4.410000	-0.051737
4.420000	-0.051230
4.430000	-0.050692
4.440000	-0.050122
4.450000	-0.049521
4.460000	-0.048888
4.470000	-0.048223
4.480000	-0.047526
4.490000	-0.046796
4.500000	-0.046034
4.510000	-0.045238
4.520000	-0.044410
4.530000	-0.043548
4.540000	-0.042653
4.550000	-0.041724
4.560000	-0.040761
4.570000	-0.039764
4.580000	-0.038733
4.590000	-0.037667
4.600000	-0.036566
4.610000	-0.035430
4.620000	-0.034260
4.630000	-0.033053
4.640000	-0.031811
4.650000	-0.030534
4.660000	-0.029220
4.670000	-0.027870
4.680000	-0.026483
4.690000	-0.025060
4.700000	-0.023600
4.710000	-0.022103
4.720000	-0.020568
4.730000	-0.018996
4.740000	-0.017386
4.750000	-0.015738
4.760000	-0.014051
4.770000	-0.012327
4.780000	-0.010563
4.790000	-0.008761
4.800000	-0.006920
4.810000	-0.005039
4.820000	-0.003119
4.830000	-0.001159
4.840000	0.000841
4.850000	0.002881
4.860000	0.004961
4.870000	0.007083
4.880000	0.009245
4.890000	0.011448
4.900000	0.013692
4.910000	0.015979
4.920000	0.018307
4.930000	0.020676
4.940000	0.023089
4.950000	0.025543
4.960000	0.028041
4.970000	0.030581
4.980000	0.033164
4.990000	0.035791
5.000000	0.038462


-5.000000	0.038462
-4.990000	0.192208
-4.980000	0.337570
-4.970000	0.474824
-4.960000	0.604237
-4.950000	0.726071
-4.940000	0.840583
-4.930000	0.948023
-4.920000	1.048634
-4.910000	1.142654
-4.900000	1.230317
-4.890000	1.311847
-4.880000	1.387466
-4.870000	1.457390
-4.860000	1.521829
-4.850000	1.580988
-4.840000	1.635065
-4.830000	1.684257
-4.820000	1.728752
-4.810000	1.768734
-4.800000	1.804385
-4.790000	1.835880
-4.780000	1.863387
-4.770000	1.887075
-4.760000	1.907104
-4.750000	1.923631
-4.740000	1.936810
-4.730000	1.946789
-4.720000	1.953712
-4.710000	1.957721
-4.700000	1.958952
-4.690000	1.957537
-4.680000	1.953606
-4.670000	1.947284
-4.660000	1.938692
-4.650000	1.927949
-4.640000	1.915168
-4.630000	1.900461
-4.620000	1.883936
-4.610000	1.865697
-4.600000	1.845845
-4.590000	1.824479
-4.580000	1.801693
-4.570000	1.777579
-4.560000	1.752226
-4.550000	1.725720
-4.540000	1.698145
-4.530000	1.669582
-4.520000	1.640106
-4.510000	1.609795
-4.500000	1.578721
-4.490000	1.546953
-4.480000	1.514559
-4.470000	1.481605
-4.460000	1.448153
-4.450000	1.414263
-4.440000	1.379994
-4.430000	1.345401
-4.420000	1.310540
-4.410000	1.275461
-4.400000	1.240213
-4.390000	1.204846
-4.380000	1.169405
-4.370000	1.133933
-4.360000	1.098472
-4.350000	1.063063
-4.340000	1.027745
-4.330000	0.992553
-4.320000	0.957523
-4.310000	0.922688
-4.300000	0.888081
-4.290000	0.853731
-4.280000	0.819667
-4.270000	0.785917
-4.260000	0.752506
-4.250000	0.719459
-4.240000	0.686799
-4.230000	0.654547
-4.220000	0.622725
-4.210000	0.591352
-4.200000	0.560444
-4.190000	0.530021
-4.180000	0.500097
-4.170000	0.470686
-4.160000	0.441803
-4.150000	0.413461
-4.140000	0.385669
-4.130000	0.358440
-4.120000	0.331783
-4.110000	0.305706
-4.100000	0.280218
-4.090000	0.255324
-4.080000	0.231032
-4.070000	0.207347
-4.060000	0.184272
-4.050000	0.161813
-4.040000	0.139972
-4.030000	0.118751
-4.020000	0.098152
-4.010000	0.078176
-4.000000	0.058824
-3.990000	0.040094
-3.980000	0.021988
-3.970000	0.004502
-3.960000	-0.012364
-3.950000	-0.028614
-3.940000	-0.044249
-3.930000	-0.059274
-3.920000	-0.073692
-3.910000	-0.087507
-3.900000	-0.100724
-3.890000	-0.113349
-3.880000	-0.125386
-3.870000	-0.136841
-3.860000	-0.147721
-3.850000	-0.158032
-3.840000	-0.167780
-3.830000	-0.176974
-3.820000	-0.185619
-3.810000	-0.193724
-3.800000	-0.201296
-3.790000	-0.208344
-3.780000	-0.214877
-3.770000	-0.220901
-3.760000	-0.226426
-3.750000	-0.231462
-3.740000	-0.236016
-3.730000	-0.240099
-3.720000	-0.243718
-3.710000	-0.246885
-3.700000	-0.249608
-3.690000	-0.251897
-3.680000	-0.253762
-3.670000	-0.255213
-3.660000	-0.256259
-3.650000	-0.256911
-3.640000	-0.257178
-3.630000	-0.257070
-3.620000	-0.256599
-3.610000	-0.255773
-3.600000	-0.254603
-3.590000	-0.253099
-3.580000	-0.251271
-3.570000	-0.249129
-3.560000	-0.246683
-3.550000	-0.243944
-3.540000	-0.240922
-3.530000	-0.237626
-3.520000	-0.234066
-3.510000	-0.230253
-3.500000	-0.226196
-3.490000	-0.221905
-3.480000	-0.217390
-3.470000	-0.212660
-3.460000	-0.207725
-3.450000	-0.202595
-3.440000	-0.197279
-3.430000	-0.191785
-3.420000	-0.186124
-3.410000	-0.180305
-3.400000	-0.174335
-3.390000	-0.168226
-3.380000	-0.161984
-3.370000	-0.155619
-3.360000	-0.149140
-3.350000	-0.142554
-3.340000	-0.135870
-3.330000	-0.129096
-3.320000	-0.122240
-3.310000	-0.115311
-3.300000	-0.108315
-3.290000	-0.101261
-3.280000	-0.094155
-3.270000	-0.087006
-3.260000	-0.079820
-3.250000	-0.072604
-3.240000	-0.065366
-3.230000	-0.058111
-3.220000	-0.050847
-3.210000	-0.043581
-3.200000	-0.036317
-3.190000	-0.029063
-3.180000	-0.021824
-3.170000	-0.014606
-3.160000	-0.007415
-3.150000	-0.000256
-3.140000	0.006866
-3.130000	0.013944
-3.120000	0.020975
-3.110000	0.027953
-3.100000	0.034873
-3.090000	0.041732
-3.080000	0.048524
-3.070000	0.055246
-3.060000	0.061893
-3.050000	0.068462
-3.040000	0.074948
-3.030000	0.081349
-3.020000	0.087660
-3.010000	0.093878
-3.000000	0.100000
-2.990000	0.106023
-2.980000	0.111945
-2.970000	0.117762
-2.960000	0.123472
-2.950000	0.129073
-2.940000	0.134561
-2.930000	0.139936
-2.920000	0.145195
-2.910000	0.150337
-2.900000	0.155359
-2.890000	0.160259
-2.880000	0.165038
-2.870000	0.169692
-2.860000	0.174222
-2.850000	0.178626
-2.840000	0.182902
-2.830000	0.187051
-2.820000	0.191072
-2.810000	0.194964
-2.800000	0.198726
-2.790000	0.202359
-2.780000	0.205862
-2.770000	0.209235
-2.760000	0.212478
-2.750000	0.215592
-2.740000	0.218576
-2.730000	0.221431
-2.720000	0.224158
-2.710000	0.226756
-2.700000	0.229227
-2.690000	0.231572
-2.680000	0.233791
-2.670000	0.235885
-2.660000	0.237856
-2.650000	0.239704
-2.640000	0.241431
-2.630000	0.243038
-2.620000	0.244526
-2.610000	0.245898
-2.600000	0.247154
-2.590000	0.248296
-2.580000	0.249325
-2.570000	0.250245
-2.560000	0.251056
-2.550000	0.251760
-2.540000	0.252360
-2.530000	0.252858
-2.520000	0.253254
-2.510000	0.253553
-2.500000	0.253755
-2.490000	0.253864
-2.480000	0.253881
-2.470000	0.253810
-2.460000	0.253651
-2.450000	0.253408
-2.440000	0.253084
-2.430000	0.252680
-2.420000	0.252200
-2.410000	0.251646
-2.400000	0.251021
-2.390000	0.250327
-2.380000	0.249567
-2.370000	0.248744
-2.360000	0.247860
-2.350000	0.246919
-2.340000	0.245923
-2.330000	0.244876
-2.320000	0.243779
-2.310000	0.242636
-2.300000	0.241449
-2.290000	0.240223
-2.280000	0.238958
-2.270000	0.237659
-2.260000	0.236328
-2.250000	0.234969
-2.240000	0.233583
-2.230000	0.232174
-2.220000	0.230746
-2.210000	0.229300
-2.200000	0.227840
-2.190000	0.226368
-2.180000	0.224888
-2.170000	0.223403
-2.160000	0.221914
-2.150000	0.220426
-2.140000	0.218941
-2.130000	0.217461
-2.120000	0.215991
-2.110000	0.214531
-2.100000	0.213086
-2.090000	0.211657
-2.080000	0.210248
-2.070000	0.208862
-2.060000	0.207500
-2.050000	0.206166
-2.040000	0.204862
-2.030000	0.203591
-2.020000	0.202356
-2.010000	0.201158
-2.000000	0.200000
-1.990000	0.198885
-1.980000	0.197815
-1.970000	0.196793
-1.960000	0.195821
-1.950000	0.194901
-1.940000	0.194035
-1.930000	0.193226
-1.920000	0.192475
-1.910000	0.191786
-1.900000	0.191159
-1.890000	0.190597
-1.880000	0.190103
-1.870000	0.189677
-1.860000	0.189322
-1.850000	0.189039
-1.840000	0.188832
-1.830000	0.188700
-1.820000	0.188646
-1.810000	0.188672
-1.800000	0.188778
-1.790000	0.188968
-1.780000	0.189241
-1.770000	0.189600
-1.760000	0.190046
-1.750000	0.190580
-1.740000	0.191204
-1.730000	0.191919
-1.720000	0.192725
-1.710000	0.193624
-1.700000	0.194618
-1.690000	0.195706
-1.680000	0.196891
-1.670000	0.198172
-1.660000	0.199551
-1.650000	0.201028
-1.640000	0.202605
-1.630000	0.204281
-1.620000	0.206058
-1.610000	0.207935
-1.600000	0.209914
-1.590000	0.211995
-1.580000	0.214178
-1.570000	0.216464
-1.560000	0.218852
-1.550000	0.221343
-1.540000	0.223938
-1.530000	0.226635
-1.520000	0.229436
-1.510000	0.232340
-1.500000	0.235347
-1.490000	0.238456
-1.480000	0.241669
-1.470000	0.244984
-1.460000	0.248401
-1.450000	0.251920
-1.440000	0.255540
-1.430000	0.259261
-1.420000	0.263082
-1.410000	0.267004
-1.400000	0.271024
-1.390000	0.275143
-1.380000	0.279359
-1.370000	0.283673
-1.360000	0.288083
-1.350000	0.292587
-1.340000	0.297186
-1.330000	0.301879
-1.320000	0.306663
-1.310000	0.311539
-1.300000	0.316505
-1.290000	0.321559
-1.280000	0.326702
-1.270000	0.331930
-1.260000	0.337244
-1.250000	0.342641
-1.240000	0.348121
-1.230000	0.353681
-1.220000	0.359321
-1.210000	0.365039
-1.200000	0.370833
-1.190000	0.376701
-1.180000	0.382643
-1.170000	0.388656
-1.160000	0.394739
-1.150000	0.400889
-1.140000	0.407106
-1.130000	0.413387
-1.120000	0.419730
-1.110000	0.426134
-1.100000	0.432596
-1.090000	0.439115
-1.080000	0.445689
-1.070000	0.452315
-1.060000	0.458992
-1.050000	0.465718
-1.040000	0.472490
-1.030000	0.479306
-1.020000	0.486165
-1.010000	0.493063
-1.000000	0.500000
-0.990000	0.506972
-0.980000	0.513978
-0.970000	0.521015
-0.960000	0.528080
-0.950000	0.535173
-0.940000	0.542290
-0.930000	0.549428
-0.920000	0.556587
-0.910000	0.563763
-0.900000	0.570954
-0.890000	0.578157
-0.880000	0.585371
-0.870000	0.592592
-0.860000	0.599820
-0.850000	0.607050
-0.840000	0.614281
-0.830000	0.621510
-0.820000	0.628735
-0.810000	0.635953
-0.800000	0.643163
-0.790000	0.650361
-0.780000	0.657545
-0.770000	0.664712
-0.760000	0.671862
-0.750000	0.678990
-0.740000	0.686094
-0.730000	0.693173
-0.720000	0.700223
-0.710000	0.707242
-0.700000	0.714228
-0.690000	0.721179
-0.680000	0.728092
-0.670000	0.734964
-0.660000	0.741794
-0.650000	0.748579
-0.640000	0.755316
-0.630000	0.762004
-0.620000	0.768640
-0.610000	0.775222
-0.600000	0.781747
-0.590000	0.788214
-0.580000	0.794619
-0.570000	0.800962
-0.560000	0.807239
-0.550000	0.813448
-0.540000	0.819588
-0.530000	0.825656
-0.520000	0.831650
-0.510000	0.837568
-0.500000	0.843407
-0.490000	0.849167
-0.480000	0.854845
-0.470000	0.860439
-0.460000	0.865946
-0.450000	0.871366
-0.440000	0.876696
-0.430000	0.881934
-0.420000	0.887079
-0.410000	0.892128
-0.400000	0.897080
-0.390000	0.901934
-0.380000	0.906687
-0.370000	0.911338
-0.360000	0.915885
-0.350000	0.920327
-0.340000	0.924662
-0.330000	0.928888
-0.320000	0.933005
-0.310000	0.937010
-0.300000	0.940902
-0.290000	0.944681
-0.280000	0.948344
-0.270000	0.951890
-0.260000	0.955318
-0.250000	0.958627
-0.240000	0.961816
-0.230000	0.964883
-0.220000	0.967828
-0.210000	0.970649
-0.200000	0.973346
-0.190000	0.975917
-0.180000	0.978362
-0.170000	0.980680
-0.160000	0.982869
-0.150000	0.984930
-0.140000	0.986861
-0.130000	0.988662
-0.120000	0.990332
-0.110000	0.991871
-0.100000	0.993278
-0.090000	0.994552
-0.080000	0.995693
-0.070000	0.996701
-0.060000	0.997575
-0.050000	0.998316
-0.040000	0.998922
-0.030000	0.999393
-0.020000	0.999730
-0.010000	0.999933
-0.000000	1.000000
0.010000	0.999933
0.020000	0.999730
0.030000	0.999393
0.040000	0.998922
0.050000	0.998316
0.060000	0.997575
0.070000	0.996701
0.080000	0.995693
0.090000	0.994552
0.100000	0.993278
0.110000	0.991871
0.120000	0.990332
0.130000	0.988662
0.140000	0.986861
0.150000	0.984930
0.160000	0.982869
0.170000	0.980680
0.180000	0.978362
0.190000	0.975917
0.200000	0.973346
0.210000	0.970649
0.220000	0.967828
0.230000	0.964883
0.240000	0.961816
0.250000	0.958627
0.260000	0.955318
0.270000	0.951890
0.280000	0.948344
0.290000	0.944681
0.300000	0.940902
0.310000	0.937010
0.320000	0.933005
0.330000	0.928888
0.340000	0.924662
0.350000	0.920327
0.360000	0.915885
0.370000	0.911338
0.380000	0.906687
0.390000	0.901934
0.400000	0.897080
0.410000	0.892128
0.420000	0.887079
0.430000	0.881934
0.440000	0.876696
0.450000	0.871366
0.460000	0.865946
0.470000	0.860439
0.480000	0.854845
0.490000	0.849167
0.500000	0.843407
0.510000	0.837568
0.520000	0.831650
0.530000	0.825656
0.540000	0.819588
0.550000	0.813448
0.560000	0.807239
0.570000	0.800962
0.580000	0.794619
0.590000	0.788214
0.600000	0.781747
0.610000	0.775222
0.620000	0.768640
0.630000	0.762004
0.640000	0.755316
0.650000	0.748579
0.660000	0.741794
0.670000	0.734964
0.680000	0.728092
0.690000	0.721179
0.700000	0.714228
0.710000	0.707242
0.720000	0.700223
0.730000	0.693173
0.740000	0.686094
0.750000	0.678990
0.760000	0.671862
0.770000	0.664712
0.780000	0.657545
0.790000	0.650361
0.800000	0.643163
0.810000	0.635953
0.820000	0.628735
0.830000	0.621510
0.840000	0.614281
0.850000	0.607050
0.860000	0.599820
0.870000	0.592592
0.880000	0.585371
0.890000	0.578157
0.900000	0.570954
0.910000	0.563763
0.920000	0.556587
0.930000	0.549428
0.940000	0.542290
0.950000	0.535173
0.960000	0.528080
0.970000	0.521015
0.980000	0.513978
0.990000	0.506972
1.000000	0.500000
1.010000	0.493063
1.020000	0.486165
1.030000	0.479306
1.040000	0.472490
1.050000	0.465718
1.060000	0.458992
1.070000	0.452315
1.080000	0.445689
1.090000	0.439115
1.100000	0.432596
1.110000	0.426134
1.120000	0.419730
1.130000	0.413387
1.140000	0.407106
1.150000	0.400889
1.160000	0.394739
1.170000	0.388656
1.180000	0.382643
1.190000	0.376701
1.200000	0.370833
1.210000	0.365039
1.220000	0.359321
1.230000	0.353681
1.240000	0.348121
1.250000	0.342641
1.260000	0.337244
1.270000	0.331930
1.280000	0.326702
1.290000	0.321559
1.300000	0.316505
1.310000	0.311539
1.320000	0.306663
1.330000	0.301879
1.340000	0.297186
1.350000	0.292587
1.360000	0.288083
1.370000	0.283673
1.380000	0.279359
1.390000	0.275143
1.400000	0.271024
1.410000	0.267004
1.420000	0.263082
1.430000	0.259261
1.440000	0.255540
1.450000	0.251920
1.460000	0.248401
1.470000	0.244984
1.480000	0.241669
1.490000	0.238456
1.500000	0.235347
1.510000	0.232340
1.520000	0.229436
1.530000	0.226635
1.540000	0.223938
1.550000	0.221343
1.560000	0.218852
1.570000	0.216464
1.580000	0.214178
1.590000	0.211995
1.600000	0.209914
1.610000	0.207935
1.620000	0.206058
1.630000	0.204281
1.640000	0.202605
1.650000	0.201028
1.660000	0.199551
1.670000	0.198172
1.680000	0.196891
1.690000	0.195706
1.700000	0.194618
1.710000	0.193624
1.720000	0.192725
1.730000	0.191919
1.740000	0.191204
1.750000	0.190580
1.760000	0.190046
1.770000	0.189600
1.780000	0.189241
1.790000	0.188968
1.800000	0.188778
1.810000	0.188672
1.820000	0.188646
1.830000	0.188700
1.840000	0.188832
1.850000	0.189039
1.860000	0.189322
1.870000	0.189677
1.880000	0.190103
1.890000	0.190597
1.900000	0.191159
1.910000	0.191786
1.920000	0.192475
1.930000	0.193226
1.940000	0.194035
1.950000	0.194901
1.960000	0.195821
1.970000	0.196793
1.980000	0.197815
1.990000	0.198885
2.000000	0.200000
2.010000	0.201158
2.020000	0.202356
2.030000	0.203591
2.040000	0.204862
2.050000	0.206166
2.060000	0.207500
2.070000	0.208862
2.080000	0.210248
2.090000	0.211657
2.100000	0.213086
2.110000	0.214531
2.120000	0.215991
2.130000	0.217461
2.140000	0.218941
2.150000	0.220426
2.160000	0.221914
2.170000	0.223403
2.180000	0.224888
2.190000	0.226368
2.200000	0.227840
2.210000	0.229300
2.220000	0.230746
2.230000	0.232174
2.240000	0.233583
2.250000	0.234969
2.260000	0.236328
2.270000	0.237659
2.280000	0.238958
2.290000	0.240223
2.300000	0.241449
2.310000	0.242636
2.320000	0.243779
2.330000	0.244876
2.340000	0.245923
2.350000	0.246919
2.360000	0.247860
2.370000	0.248744
2.380000	0.249567
2.390000	0.250327
2.400000	0.251021
2.410000	0.251646
2.420000	0.252200
2.430000	0.252680
2.440000	0.253084
2.450000	0.253408
2.460000	0.253651
2.470000	0.253810
2.480000	0.253881
2.490000	0.253864
2.500000	0.253755
2.510000	0.253553
2.520000	0.253254
2.530000	0.252858
2.540000	0.252360
2.550000	0.251760
2.560000	0.251056
2.570000	0.250245
2.580000	0.249325
2.590000	0.248296
2.600000	0.247154
2.610000	0.245898
2.620000	0.244526
2.630000	0.243038
2.640000	0.241431
2.650000	0.239704
2.660000	0.237856
2.670000	0.235885
2.680000	0.233791
2.690000	0.231572
2.700000	0.229227
2.710000	0.226756
2.720000	0.224158
2.730000	0.221431
2.740000	0.218576
2.750000	0.215592
2.760000	0.212478
2.770000	0.209235
2.780000	0.205862
2.790000	0.202359
2.800000	0.198726
2.810000	0.194964
2.820000	0.191072
2.830000	0.187051
2.840000	0.182902
2.850000	0.178626
2.860000	0.174222
2.870000	0.169692
2.880000	0.165038
2.890000	0.160259
2.900000	0.155359
2.910000	0.150337
2.920000	0.145195
2.930000	0.139936
2.940000	0.134561
2.950000	0.129073
2.960000	0.123472
2.970000	0.117762
2.980000	0.111945
2.990000	0.106023
3.000000	0.100000
3.010000	0.093878
3.020000	0.087660
3.030000	0.081349
3.040000	0.074948
3.050000	0.068462
3.060000	0.061893
3.070000	0.055246
3.080000	0.048524
3.090000	0.041732
3.100000	0.034873
3.110000	0.027953
3.120000	0.020975
3.130000	0.013944
3.140000	0.006866
3.150000	-0.000256
3.160000	-0.007415
3.170000	-0.014606
3.180000	-0.021824
3.190000	-0.029063
3.200000	-0.036317
3.210000	-0.043581
3.220000	-0.050847
3.230000	-0.058111
3.240000	-0.065366
3.250000	-0.072604
3.260000	-0.079820
3.270000	-0.087006
3.280000	-0.094155
3.290000	-0.101261
3.300000	-0.108315
3.310000	-0.115311
3.320000	-0.122240
3.330000	-0.129096
3.340000	-0.135870
3.350000	-0.142554
3.360000	-0.149140
3.370000	-0.155619
3.380000	-0.161984
3.390000	-0.168226
3.400000	-0.174335
3.410000	-0.180305
3.420000	-0.186124
3.430000	-0.191785
3.440000	-0.197279
3.450000	-0.202595
3.460000	-0.207725
3.470000	-0.212660
3.480000	-0.217390
3.490000	-0.221905
3.500000	-0.226196
3.510000	-0.230253
3.520000	-0.234066
3.530000	-0.237626
3.540000	-0.240922
3.550000	-0.243944
3.560000	-0.246683
3.570000	-0.249129
3.580000	-0.251271
3.590000	-0.253099
3.600000	-0.254603
3.610000	-0.255773
3.620000	-0.256599
3.630000	-0.257070
3.640000	-0.257178
3.650000	-0.256911
3.660000	-0.256259
3.670000	-0.255213
3.680000	-0.253762
3.690000	-0.251897
3.700000	-0.249608
3.710000	-0.246885
3.720000	-0.243718
3.730000	-0.240099
3.740000	-0.236016
3.750000	-0.231462
3.760000	-0.226426
3.770000	-0.220901
3.780000	-0.214877
3.790000	-0.208344
3.800000	-0.201296
3.810000	-0.193724
3.820000	-0.185619
3.830000	-0.176974
3.840000	-0.167780
3.850000	-0.158032
3.860000	-0.147721
3.870000	-0.136841
3.880000	-0.125386
3.890000	-0.113349
3.900000	-0.100724
3.910000	-0.087507
3.920000	-0.073692
3.930000	-0.059274
3.940000	-0.044249
3.950000	-0.028614
3.960000	-0.012364
3.970000	0.004502
3.980000	0.021988
3.990000	0.040094
4.000000	0.058824
4.010000	0.078176
4.020000	0.098152
4.030000	0.118751
4.040000	0.139972
4.050000	0.161813
4.060000	0.184272
4.070000	0.207347
4.080000	0.231032
4.090000	0.255324
4.100000	0.280218
4.110000	0.305706
4.120000	0.331783
4.130000	0.358440
4.140000	0.385669
4.150000	0.413461
4.160000	0.441803
4.170000	0.470686
4.180000	0.500097
4.190000	0.530021
4.200000	0.560444
4.210000	0.591352
4.220000	0.622725
4.230000	0.654547
4.240000	0.686799
4.250000	0.719459
4.260000	0.752506
4.270000	0.785917
4.280000	0.819667
4.290000	0.853731
4.300000	0.888081
4.310000	0.922688
4.320000	0.957523
4.330000	0.992553
4.340000	1.027745
4.350000	1.063063
4.360000	1.098472
4.370000	1.133933
4.380000	1.169405
4.390000	1.204846
4.400000	1.240213
4.410000	1.275461
4.420000	1.310540
4.430000	1.345401
4.440000	1.379994
4.450000	1.414263
4.460000	1.448153
4.470000	1.481605
4.480000	1.514559
4.490000	1.546953
4.500000	1.578721
4.510000	1.609795
4.520000	1.640106
4.530000	1.669582
4.540000	1.698145
4.550000	1.725720
4.560000	1.752226
4.570000	1.777579
4.580000	1.801693
4.590000	1.824479
4.600000	1.845845
4.610000	1.865697
4.620000	1.883936
4.630000	1.900461
4.640000	1.915168
4.650000	1.927949
4.660000	1.938692
4.670000	1.947284
4.680000	1.953606
4.690000	1.957537
4.700000	1.958952
4.710000	1.957721
4.720000	1.953712
4.730000	1.946789
4.740000	1.936810
4.750000	1.923631
4.760000	1.907104
4.770000	1.887075
4.780000	1.863387
4.790000	1.835880
4.800000	1.804385
4.810000	1.768734
4.820000	1.728752
4.830000	1.684257
4.840000	1.635065
4.850000	1.580988
4.860000	1.521829
4.870000	1.457390
4.880000	1.387466
4.890000	1.311847
4.900000	1.230317
4.910000	1.142654
4.920000	1.048634
4.930000	0.948023
4.940000	0.840583
4.950000	0.726071
4.960000	0.604237
4.970000	0.474824
4.980000	0.337570
4.990000	0.192208
5.000000	0.038462


-5.000000	0.038462
-4.990000	0.311554
-4.980000	0.559866
-4.970000	0.784812
-4.960000	0.987746
-4.950000	1.169964
-4.940000	1.332705
-4.930000	1.477153
-4.920000	1.604438
-4.910000	1.715642
-4.900000	1.811795
-4.890000	1.893882
-4.880000	1.962840
-4.870000	2.019563
-4.860000	2.064903
-4.850000	2.099672
-4.840000	2.124639
-4.830000	2.140539
-4.820000	2.148067
-4.810000	2.147888
-4.800000	2.140627
-4.790000	2.126881
-4.780000	2.107213
-4.770000	2.082159
-4.760000	2.052224
-4.750000	2.017885
-4.740000	1.979594
-4.730000	1.937777
-4.720000	1.892834
-4.710000	1.845144
-4.700000	1.795062
-4.690000	1.742922
-4.680000	1.689037
-4.670000	1.633701
-4.660000	1.577189
-4.650000	1.519757
-4.640000	1.461644
-4.630000	1.403074
-4.620000	1.344254
-4.610000	1.285377
-4.600000	1.226619
-4.590000	1.168145
-4.580000	1.110107
-4.570000	1.052644
-4.560000	0.995883
-4.550000	0.939940
-4.540000	0.884920
-4.530000	0.830919
-4.520000	0.778023
-4.510000	0.726309
-4.500000	0.675844
-4.490000	0.626689
-4.480000	0.578896
-4.470000	0.532511
-4.460000	0.487573
-4.450000	0.444112
-4.440000	0.402156
-4.430000	0.361725
-4.420000	0.322833
-4.410000	0.285491
-4.400000	0.249704
-4.390000	0.215474
-4.380000	0.182798
-4.370000	0.151668
-4.360000	0.122075
-4.350000	0.094005
-4.340000	0.067442
-4.330000	0.042368
-4.320000	0.018759
-4.310000	-0.003407
-4.300000	-0.024157
-4.290000	-0.043519
-4.280000	-0.061521
-4.270000	-0.078196
-4.260000	-0.093576
-4.250000	-0.107694
-4.240000	-0.120585
-4.230000	-0.132285
-4.220000	-0.142830
-4.210000	-0.152257
-4.200000	-0.160604
-4.190000	-0.167908
-4.180000	-0.174209
-4.170000	-0.179543
-4.160000	-0.183951
-4.150000	-0.187469
-4.140000	-0.190138
-4.130000	-0.191994
-4.120000	-0.193077
-4.110000	-0.193423
-4.100000	-0.193070
-4.090000	-0.192055
-4.080000	-0.190414
-4.070000	-0.188184
-4.060000	-0.185399
-4.050000	-0.182094
-4.040000	-0.178304
-4.030000	-0.174061
-4.020000	-0.169398
-4.010000	-0.164347
-4.000000	-0.158939
-3.990000	-0.153205
-3.980000	-0.147172
-3.970000	-0.140872
-3.960000	-0.134329
-3.950000	-0.127573
-3.940000	-0.120628
-3.930000	-0.113520
-3.920000	-0.106272
-3.910000	-0.098909
-3.900000	-0.091452
-3.890000	-0.083922
-3.880000	-0.076342
-3.870000	-0.068729
-3.860000	-0.061103
-3.850000	-0.053482
-3.840000	-0.045883
-3.830000	-0.038321
-3.820000	-0.030813
-3.810000	-0.023373
-3.800000	-0.016014
-3.790000	-0.008749
-3.780000	-0.001591
-3.770000	0.005451
-3.760000	0.012364
-3.750000	0.019140
-3.740000	0.025769
-3.730000	0.032244
-3.720000	0.038556
-3.710000	0.044700
-3.700000	0.050668
-3.690000	0.056455
-3.680000	0.062057
-3.670000	0.067470
-3.660000	0.072688
-3.650000	0.077710
-3.640000	0.082533
-3.630000	0.087155
-3.620000	0.091575
-3.610000	0.095791
-3.600000	0.099803
-3.590000	0.103610
-3.580000	0.107214
-3.570000	0.110616
-3.560000	0.113815
-3.550000	0.116815
-3.540000	0.119616
-3.530000	0.122222
-3.520000	0.124634
-3.510000	0.126856
-3.500000	0.128891
-3.490000	0.130742
-3.480000	0.132413
-3.470000	0.133908
-3.460000	0.135232
-3.450000	0.136388
-3.440000	0.137382
-3.430000	0.138217
-3.420000	0.138899
-3.410000	0.139433
-3.400000	0.139824
-3.390000	0.140078
-3.380000	0.140198
-3.370000	0.140192
-3.360000	0.140065
-3.350000	0.139822
-3.340000	0.139468
-3.330000	0.139010
-3.320000	0.138453
-3.310000	0.137802
-3.300000	0.137064
-3.290000	0.136245
-3.280000	0.135349
-3.270000	0.134382
-3.260000	0.133350
-3.250000	0.132259
-3.240000	0.131113
-3.230000	0.129919
-3.220000	0.128682
-3.210000	0.127406
-3.200000	0.126097
-3.190000	0.124761
-3.180000	0.123402
-3.170000	0.122025
-3.160000	0.120635
-3.150000	0.119236
-3.140000	0.117833
-3.130000	0.116430
-3.120000	0.115032
-3.110000	0.113643
-3.100000	0.112267
-3.090000	0.110908
-3.080000	0.109569
-3.070000	0.108254
-3.060000	0.106967
-3.050000	0.105711
-3.040000	0.104489
-3.030000	0.103304
-3.020000	0.102159
-3.010000	0.101057
-3.000000	0.100000
-2.990000	0.098991
-2.980000	0.098032
-2.970000	0.097126
-2.960000	0.096273
-2.950000	0.095477
-2.940000	0.094739
-2.930000	0.094060
-2.920000	0.093441
-2.910000	0.092885
-2.900000	0.092392
-2.890000	0.091964
-2.880000	0.091601
-2.870000	0.091303
-2.860000	0.091072
-2.850000	0.090908
-2.840000	0.090811
-2.830000	0.090782
-2.820000	0.090821
-2.810000	0.090927
-2.800000	0.091101
-2.790000	0.091342
-2.780000	0.091650
-2.770000	0.092025
-2.760000	0.092466
-2.750000	0.092973
-2.740000	0.093544
-2.730000	0.094179
-2.720000	0.094877
-2.710000	0.095637
-2.700000	0.096459
-2.690000	0.097340
-2.680000	0.098280
-2.670000	0.099277
-2.660000	0.100331
-2.650000	0.101439
-2.640000	0.102600
-2.630000	0.103813
-2.620000	0.105077
-2.610000	0.106389
-2.600000	0.107748
-2.590000	0.109153
-2.580000	0.110601
-2.570000	0.112092
-2.560000	0.113622
-2.550000	0.115191
-2.540000	0.116797
-2.530000	0.118438
-2.520000	0.120111
-2.510000	0.121817
-2.500000	0.123551
-2.490000	0.125313
-2.480000	0.127101
-2.470000	0.128913
-2.460000	0.130747
-2.450000	0.132602
-2.440000	0.134475
-2.430000	0.136366
-2.420000	0.138271
-2.410000	0.140190
-2.400000	0.142120
-2.390000	0.144061
-2.380000	0.146010
-2.370000	0.147966
-2.360000	0.149928
-2.350000	0.151893
-2.340000	0.153860
-2.330000	0.155829
-2.320000	0.157796
-2.310000	0.159762
-2.300000	0.161725
-2.290000	0.163684
-2.280000	0.165637
-2.270000	0.167583
-2.260000	0.169521
-2.250000	0.171451
-2.240000	0.173371
-2.230000	0.175280
-2.220000	0.177177
-2.210000	0.179062
-2.200000	0.180934
-2.190000	0.182792
-2.180000	0.184635
-2.170000	0.186464
-2.160000	0.188277
-2.150000	0.190074
-2.140000	0.191855
-2.130000	0.193619
-2.120000	0.195366
-2.110000	0.197096
-2.100000	0.198810
-2.090000	0.200506
-2.080000	0.202185
-2.070000	0.203847
-2.060000	0.205492
-2.050000	0.207120
-2.040000	0.208732
-2.030000	0.210328
-2.020000	0.211908
-2.010000	0.213472
-2.000000	0.215022
-1.990000	0.216558
-1.980000	0.218081
-1.970000	0.219590
-1.960000	0.221087
-1.950000	0.222573
-1.940000	0.224048
-1.930000	0.225514
-1.920000	0.226971
-1.910000	0.228420
-1.900000	0.229862
-1.890000	0.231299
-1.880000	0.232732
-1.870000	0.234161
-1.860000	0.235588
-1.850000	0.237014
-1.840000	0.238441
-1.830000	0.239869
-1.820000	0.241301
-1.810000	0.242737
-1.800000	0.244179
-1.790000	0.245628
-1.780000	0.247086
-1.770000	0.248554
-1.760000	0.250034
-1.750000	0.251528
-1.740000	0.253036
-1.730000	0.254561
-1.720000	0.256105
-1.710000	0.257667
-1.700000	0.259251
-1.690000	0.260858
-1.680000	0.262490
-1.670000	0.264147
-1.660000	0.265833
-1.650000	0.267547
-1.640000	0.269293
-1.630000	0.271072
-1.620000	0.272885
-1.610000	0.274733
-1.600000	0.276620
-1.590000	0.278545
-1.580000	0.280511
-1.570000	0.282519
-1.560000	0.284571
-1.550000	0.286669
-1.540000	0.288813
-1.530000	0.291005
-1.520000	0.293247
-1.510000	0.295540
-1.500000	0.297886
-1.490000	0.300286
-1.480000	0.302741
-1.470000	0.305252
-1.460000	0.307821
-1.450000	0.310450
-1.440000	0.313138
-1.430000	0.315888
-1.420000	0.318701
-1.410000	0.321577
-1.400000	0.324517
-1.390000	0.327523
-1.380000	0.330595
-1.370000	0.333735
-1.360000	0.336943
-1.350000	0.340220
-1.340000	0.343566
-1.330000	0.346983
-1.320000	0.350470
-1.310000	0.354029
-1.300000	0.357660
-1.290000	0.361363
-1.280000	0.365140
-1.270000	0.368989
-1.260000	0.372911
-1.250000	0.376907
-1.240000	0.380977
-1.230000	0.385121
-1.220000	0.389338
-1.210000	0.393629
-1.200000	0.397993
-1.190000	0.402431
-1.180000	0.406943
-1.170000	0.411527
-1.160000	0.416183
-1.150000	0.420912
-1.140000	0.425713
-1.130000	0.430584
-1.120000	0.435526
-1.110000	0.440537
-1.100000	0.445617
-1.090000	0.450766
-1.080000	0.455982
-1.070000	0.461264
-1.060000	0.466611
-1.050000	0.472022
-1.040000	0.477497
-1.030000	0.483033
-1.020000	0.488630
-1.010000	0.494286
-1.000000	0.500000
-0.990000	0.505770
-0.980000	0.511596
-0.970000	0.517474
-0.960000	0.523404
-0.950000	0.529385
-0.940000	0.535413
-0.930000	0.541489
-0.920000	0.547608
-0.910000	0.553771
-0.900000	0.559974
-0.890000	0.566216
-0.880000	0.572495
-0.870000	0.578809
-0.860000	0.585155
-0.850000	0.591532
-0.840000	0.597936
-0.830000	0.604367
-0.820000	0.610821
-0.810000	0.617296
-0.800000	0.623791
-0.790000	0.630301
-0.780000	0.636826
-0.770000	0.643361
-0.760000	0.649906
-0.750000	0.656457
-0.740000	0.663012
-0.730000	0.669568
-0.720000	0.676123
-0.710000	0.682673
-0.700000	0.689217
-0.690000	0.695751
-0.680000	0.702273
-0.670000	0.708779
-0.660000	0.715269
-0.650000	0.721737
-0.640000	0.728183
-0.630000	0.734602
-0.620000	0.740993
-0.610000	0.747352
-0.600000	0.753676
-0.590000	0.759963
-0.580000	0.766211
-0.570000	0.772415
-0.560000	0.778574
-0.550000	0.784685
-0.540000	0.790744
-0.530000	0.796750
-0.520000	0.802699
-0.510000	0.808588
-0.500000	0.814416
-0.490000	0.820178
-0.480000	0.825873
-0.470000	0.831498
-0.460000	0.837050
-0.450000	0.842527
-0.440000	0.847925
-0.430000	0.853243
-0.420000	0.858478
-0.410000	0.863627
-0.400000	0.868688
-0.390000	0.873658
-0.380000	0.878536
-0.370000	0.883318
-0.360000	0.888002
-0.350000	0.892587
-0.340000	0.897070
-0.330000	0.901448
-0.320000	0.905719
-0.310000	0.909882
-0.300000	0.913935
-0.290000	0.917875
-0.280000	0.921700
-0.270000	0.925409
-0.260000	0.928999
-0.250000	0.932470
-0.240000	0.935818
-0.230000	0.939043
-0.220000	0.942143
-0.210000	0.945117
-0.200000	0.947962
-0.190000	0.950678
-0.180000	0.953263
-0.170000	0.955715
-0.160000	0.958034
-0.150000	0.960219
-0.140000	0.962267
-0.130000	0.964179
-0.120000	0.965954
-0.110000	0.967589
-0.100000	0.969086
-0.090000	0.970442
-0.080000	0.971657
-0.070000	0.972730
-0.060000	0.973662
-0.050000	0.974451
-0.040000	0.975097
-0.030000	0.975600
-0.020000	0.975959
-0.010000	0.976175
-0.000000	0.976247
0.010000	0.976175
0.020000	0.975959
0.030000	0.975600
0.040000	0.975097
0.050000	0.974451
0.060000	0.973662
0.070000	0.972730
0.080000	0.971657
0.090000	0.970442
0.100000	0.969086
0.110000	0.967589
0.120000	0.965954
0.130000	0.964179
0.140000	0.962267
0.150000	0.960219
0.160000	0.958034
0.170000	0.955715
0.180000	0.953263
0.190000	0.950678
0.200000	0.947962
0.210000	0.945117
0.220000	0.942143
0.230000	0.939043
0.240000	0.935818
0.250000	0.932470
0.260000	0.928999
0.270000	0.925409
0.280000	0.921700
0.290000	0.917875
0.300000	0.913935
0.310000	0.909882
0.320000	0.905719
0.330000	0.901448
0.340000	0.897070
0.350000	0.892587
0.360000	0.888002
0.370000	0.883318
0.380000	0.878536
0.390000	0.873658
0.400000	0.868688
0.410000	0.863627
0.420000	0.858478
0.430000	0.853243
0.440000	0.847925
0.450000	0.842527
0.460000	0.837050
0.470000	0.831498
0.480000	0.825873
0.490000	0.820178
0.500000	0.814416
0.510000	0.808588
0.520000	0.802699
0.530000	0.796750
0.540000	0.790744
0.550000	0.784685
0.560000	0.778574
0.570000	0.772415
0.580000	0.766211
0.590000	0.759963
0.600000	0.753676
0.610000	0.747352
0.620000	0.740993
0.630000	0.734602
0.640000	0.728183
0.650000	0.721737
0.660000	0.715269
0.670000	0.708779
0.680000	0.702273
0.690000	0.695751
0.700000	0.689217
0.710000	0.682673
0.720000	0.676123
0.730000	0.669568
0.740000	0.663012
0.750000	0.656457
0.760000	0.649906
0.770000	0.643361
0.780000	0.636826
0.790000	0.630301
0.800000	0.623791
0.810000	0.617296
0.820000	0.610821
0.830000	0.604367
0.840000	0.597936
0.850000	0.591532
0.860000	0.585155
0.870000	0.578809
0.880000	0.572495
0.890000	0.566216
0.900000	0.559974
0.910000	0.553771
0.920000	0.547608
0.930000	0.541489
0.940000	0.535413
0.950000	0.529385
0.960000	0.523404
0.970000	0.517474
0.980000	0.511596
0.990000	0.505770
1.000000	0.500000
1.010000	0.494286
1.020000	0.488630
1.030000	0.483033
1.040000	0.477497
1.050000	0.472022
1.060000	0.466611
1.070000	0.461264
1.080000	0.455982
1.090000	0.450766
1.100000	0.445617
1.110000	0.440537
1.120000	0.435526
1.130000	0.430584
1.140000	0.425713
1.150000	0.420912
1.160000	0.416183
1.170000	0.411527
1.180000	0.406943
1.190000	0.402431
1.200000	0.397993
1.210000	0.393629
1.220000	0.389338
1.230000	0.385121
1.240000	0.380977
1.250000	0.376907
1.260000	0.372911
1.270000	0.368989
1.280000	0.365140
1.290000	0.361363
1.300000	0.357660
1.310000	0.354029
1.320000	0.350470
1.330000	0.346983
1.340000	0.343566
1.350000	0.340220
1.360000	0.336943
1.370000	0.333735
1.380000	0.330595
1.390000	0.327523
1.400000	0.324517
1.410000	0.321577
1.420000	0.318701
1.430000	0.315888
1.440000	0.313138
1.450000	0.310450
1.460000	0.307821
1.470000	0.305252
1.480000	0.302741
1.490000	0.300286
1.500000	0.297886
1.510000	0.295540
1.520000	0.293247
1.530000	0.291005
1.540000	0.288813
1.550000	0.286669
1.560000	0.284571
1.570000	0.282519
1.580000	0.280511
1.590000	0.278545
1.600000	0.276620
1.610000	0.274733
1.620000	0.272885
1.630000	0.271072
1.640000	0.269293
1.650000	0.267547
1.660000	0.265833
1.670000	0.264147
1.680000	0.262490
1.690000	0.260858
1.700000	0.259251
1.710000	0.257667
1.720000	0.256105
1.730000	0.254561
1.740000	0.253036
1.750000	0.251528
1.760000	0.250034
1.770000	0.248554
1.780000	0.247086
1.790000	0.245628
1.800000	0.244179
1.810000	0.242737
1.820000	0.241301
1.830000	0.239869
1.840000	0.238441
1.850000	0.237014
1.860000	0.235588
1.870000	0.234161
1.880000	0.232732
1.890000	0.231299
1.900000	0.229862
1.910000	0.228420
1.920000	0.226971
1.930000	0.225514
1.940000	0.224048
1.950000	0.222573
1.960000	0.221087
1.970000	0.219590
1.980000	0.218081
1.990000	0.216558
2.000000	0.215022
2.010000	0.213472
2.020000	0.211908
2.030000	0.210328
2.040000	0.208732
2.050000	0.207120
2.060000	0.205492
2.070000	0.203847
2.080000	0.202185
2.090000	0.200506
2.100000	0.198810
2.110000	0.197096
2.120000	0.195366
2.130000	0.193619
2.140000	0.191855
2.150000	0.190074
2.160000	0.188277
2.170000	0.186464
2.180000	0.184635
2.190000	0.182792
2.200000	0.180934
2.210000	0.179062
2.220000	0.177177
2.230000	0.175280
2.240000	0.173371
2.250000	0.171451
2.260000	0.169521
2.270000	0.167583
2.280000	0.165637
2.290000	0.163684
2.300000	0.161725
2.310000	0.159762
2.320000	0.157796
2.330000	0.155829
2.340000	0.153860
2.350000	0.151893
2.360000	0.149928
2.370000	0.147966
2.380000	0.146010
2.390000	0.144061
2.400000	0.142120
2.410000	0.140190
2.420000	0.138271
2.430000	0.136366
2.440000	0.134475
2.450000	0.132602
2.460000	0.130747
2.470000	0.128913
2.480000	0.127101
2.490000	0.125313
2.500000	0.123551
2.510000	0.121817
2.520000	0.120111
2.530000	0.118438
2.540000	0.116797
2.550000	0.115191
2.560000	0.113622
2.570000	0.112092
2.580000	0.110601
2.590000	0.109153
2.600000	0.107748
2.610000	0.106389
2.620000	0.105077
2.630000	0.103813
2.640000	0.102600
2.650000	0.101439
2.660000	0.100331
2.670000	0.099277
2.680000	0.098280
2.690000	0.097340
2.700000	0.096459
2.710000	0.095637
2.720000	0.094877
2.730000	0.094179
2.740000	0.093544
2.750000	0.092973
2.760000	0.092466
2.770000	0.092025
2.780000	0.091650
2.790000	0.091342
2.800000	0.091101
2.810000	0.090927
2.820000	0.090821
2.830000	0.090782
2.840000	0.090811
2.850000	0.090908
2.860000	0.091072
2.870000	0.091303
2.880000	0.091601
2.890000	0.091964
2.900000	0.092392
2.910000	0.092885
2.920000	0.093441
2.930000	0.094060
2.940000	0.094739
2.950000	0.095477
2.960000	0.096273
2.970000	0.097126
2.980000	0.098032
2.990000	0.098991
3.000000	0.100000
3.010000	0.101057
3.020000	0.102159
3.030000	0.103304
3.040000	0.104489
3.050000	0.105711
3.060000	0.106967
3.070000	0.108254
3.080000	0.109569
3.090000	0.110908
3.100000	0.112267
3.110000	0.113643
3.120000	0.115032
3.130000	0.116430
3.140000	0.117833
3.150000	0.119236
3.160000	0.120635
3.170000	0.122025
3.180000	0.123402
3.190000	0.124761
3.200000	0.126097
3.210000	0.127406
3.220000	0.128682
3.230000	0.129919
3.240000	0.131113
3.250000	0.132259
3.260000	0.133350
3.270000	0.134382
3.280000	0.135349
3.290000	0.136245
3.300000	0.137064
3.310000	0.137802
3.320000	0.138453
3.330000	0.139010
3.340000	0.139468
3.350000	0.139822
3.360000	0.140065
3.370000	0.140192
3.380000	0.140198
3.390000	0.140078
3.400000	0.139824
3.410000	0.139433
3.420000	0.138899
3.430000	0.138217
3.440000	0.137382
3.450000	0.136388
3.460000	0.135232
3.470000	0.133908
3.480000	0.132413
3.490000	0.130742
3.500000	0.128891
3.510000	0.126856
3.520000	0.124634
3.530000	0.122222
3.540000	0.119616
3.550000	0.116815
3.560000	0.113815
3.570000	0.110616
3.580000	0.107214
3.590000	0.103610
3.600000	0.099803
3.610000	0.095791
3.620000	0.091575
3.630000	0.087155
3.640000	0.082533
3.650000	0.077710
3.660000	0.072688
3.670000	0.067470
3.680000	0.062057
3.690000	0.056455
3.700000	0.050668
3.710000	0.044700
3.720000	0.038556
3.730000	0.032244
3.740000	0.025769
3.750000	0.019140
3.760000	0.012364
3.770000	0.005451
3.780000	-0.001591
3.790000	-0.008749
3.800000	-0.016014
3.810000	-0.023373
3.820000	-0.030813
3.830000	-0.038321
3.840000	-0.045883
3.850000	-0.053482
3.860000	-0.061103
3.870000	-0.068729
3.880000	-0.076342
3.890000	-0.083922
3.900000	-0.091452
3.910000	-0.098909
3.920000	-0.106272
3.930000	-0.113520
3.940000	-0.120628
3.950000	-0.127573
3.960000	-0.134329
3.970000	-0.140872
3.980000	-0.147172
3.990000	-0.153205
4.000000	-0.158939
4.010000	-0.164347
4.020000	-0.169398
4.030000	-0.174061
4.040000	-0.178304
4.050000	-0.182094
4.060000	-0.185399
4.070000	-0.188184
4.080000	-0.190414
4.090000	-0.192055
4.100000	-0.193070
4.110000	-0.193423
4.120000	-0.193077
4.130000	-0.191994
4.140000	-0.190138
4.150000	-0.187469
4.160000	-0.183951
4.170000	-0.179543
4.180000	-0.174209
4.190000	-0.167908
4.200000	-0.160604
4.210000	-0.152257
4.220000	-0.142830
4.230000	-0.132285
4.240000	-0.120585
4.250000	-0.107694
4.260000	-0.093576
4.270000	-0.078196
4.280000	-0.061521
4.290000	-0.043519
4.300000	-0.024157
4.310000	-0.003407
4.320000	0.018759
4.330000	0.042368
4.340000	0.067442
4.350000	0.094005
4.360000	0.122075
4.370000	0.151668
4.380000	0.182798
4.390000	0.215474
4.400000	0.249704
4.410000	0.285491
4.420000	0.322833
4.430000	0.361725
4.440000	0.402156
4.450000	0.444112
4.460000	0.487573
4.470000	0.532511
4.480000	0.578896
4.490000	0.626689
4.500000	0.675844
4.510000	0.726309
4.520000	0.778023
4.530000	0.830919
4.540000	0.884920
4.550000	0.939940
4.560000	0.995883
4.570000	1.052644
4.580000	1.110107
4.590000	1.168145
4.600000	1.226619
4.610000	1.285377
4.620000	1.344254
4.630000	1.403074
4.640000	1.461644
4.650000	1.519757
4.660000	1.577189
4.670000	1.633701
4.680000	1.689037
4.690000	1.742922
4.700000	1.795062
4.710000	1.845144
4.720000	1.892834
4.730000	1.937777
4.740000	1.979594
4.750000	2.017885
4.760000	2.052224
4.770000	2.082159
4.780000	2.107213
4.790000	2.126881
4.800000	2.140627
4.810000	2.147888
4.820000	2.148067
4.830000	2.140539
4.840000	2.124639
4.850000	2.099672
4.860000	2.064903
4.870000	2.019563
4.880000	1.962840
4.890000	1.893882
4.900000	1.811795
4.910000	1.715642
4.920000	1.604438
4.930000	1.477153
4.940000	1.332705
4.950000	1.169964
4.960000	0.987746
4.970000	0.784812
4.980000	0.559866
4.990000	0.311554
5.000000	0.038462


-5.000000	0.038462
-4.990000	-11.306422
-4.980000	-21.094379
-4.970000	-29.465704
-4.960000	-36.550748
-4.950000	-42.470508
-4.940000	-47.337185
-4.930000	-51.254715
-4.920000	-54.319268
-4.910000	-56.619727
-4.900000	-58.238141
-4.890000	-59.250148
-4.880000	-59.725386
-4.870000	-59.727870
-4.860000	-59.316361
-4.850000	-58.544708
-4.840000	-57.462168
-4.830000	-56.113718
-4.820000	-54.540343
-4.810000	-52.779307
-4.800000	-50.864415
-4.790000	-48.826252
-4.780000	-46.692416
-4.770000	-44.487730
-4.760000	-42.234449
-4.750000	-39.952449
-4.740000	-37.659407
-4.730000	-35.370969
-4.720000	-33.100911
-4.710000	-30.861287
-4.700000	-28.662567
-4.690000	-26.513767
-4.680000	-24.422575
-4.670000	-22.395463
-4.660000	-20.437794
-4.650000	-18.553922
-4.640000	-16.747285
-4.630000	-15.020493
-4.620000	-13.375408
-4.610000	-11.813218
-4.600000	-10.334508
-4.590000	-8.939327
-4.580000	-7.627243
-4.570000	-6.397404
-4.560000	-5.248585
-4.550000	-4.179237
-4.540000	-3.187533
-4.530000	-2.271404
-4.520000	-1.428579
-4.510000	-0.656618
-4.500000	0.047059
-4.490000	0.685140
-4.480000	1.260399
-4.470000	1.775671
-4.460000	2.233831
-4.450000	2.637774
-4.440000	2.990400
-4.430000	3.294599
-4.420000	3.553234
-4.410000	3.769132
-4.400000	3.945073
-4.390000	4.083779
-4.380000	4.187909
-4.370000	4.260048
-4.360000	4.302704
-4.350000	4.318304
-4.340000	4.309187
-4.330000	4.277601
-4.320000	4.225704
-4.310000	4.155558
-4.300000	4.069132
-4.290000	3.968297
-4.280000	3.854829
-4.270000	3.730409
-4.260000	3.596621
-4.250000	3.454958
-4.240000	3.306818
-4.230000	3.153511
-4.220000	2.996256
-4.210000	2.836188
-4.200000	2.674355
-4.190000	2.511727
-4.180000	2.349194
-4.170000	2.187567
-4.160000	2.027588
-4.150000	1.869927
-4.140000	1.715187
-4.130000	1.563906
-4.120000	1.416562
-4.110000	1.273574
-4.100000	1.135307
-4.090000	1.002072
-4.080000	0.874132
-4.070000	0.751705
-4.060000	0.634962
-4.050000	0.524038
-4.040000	0.419026
-4.030000	0.319986
-4.020000	0.226946
-4.010000	0.139902
-4.000000	0.058824
-3.990000	-0.016345
-3.980000	-0.085682
-3.970000	-0.149288
-3.960000	-0.207280
-3.950000	-0.259795
-3.940000	-0.306982
-3.930000	-0.349003
-3.920000	-0.386034
-3.910000	-0.418258
-3.900000	-0.445868
-3.890000	-0.469061
-3.880000	-0.488042
-3.870000	-0.503019
-3.860000	-0.514203
-3.850000	-0.521807
-3.840000	-0.526044
-3.830000	-0.527126
-3.820000	-0.525266
-3.810000	-0.520673
-3.800000	-0.513554
-3.790000	-0.504113
-3.780000	-0.492551
-3.770000	-0.479060
-3.760000	-0.463833
-3.750000	-0.447052
-3.740000	-0.428897
-3.730000	-0.409540
-3.720000	-0.389146
-3.710000	-0.367875
-3.700000	-0.345879
-3.690000	-0.323303
-3.680000	-0.300284
-3.670000	-0.276954
-3.660000	-0.253435
-3.650000	-0.229844
-3.640000	-0.206289
-3.630000	-0.182871
-3.620000	-0.159685
-3.610000	-0.136817
-3.600000	-0.114348
-3.590000	-0.092351
-3.580000	-0.070892
-3.570000	-0.050032
-3.560000	-0.029824
-3.550000	-0.010316
-3.540000	0.008452
-3.530000	0.026442
-3.520000	0.043624
-3.510000	0.059974
-3.500000	0.075472
-3.490000	0.090101
-3.480000	0.103853
-3.470000	0.116720
-3.460000	0.128700
-3.450000	0.139794
-3.440000	0.150009
-3.430000	0.159352
-3.420000	0.167835
-3.410000	0.175473
-3.400000	0.182283
-3.390000	0.188285
-3.380000	0.193500
-3.370000	0.197953
-3.360000	0.201668
-3.350000	0.204674
-3.340000	0.206998
-3.330000	0.208671
-3.320000	0.209724
-3.310000	0.210187
-3.300000	0.210093
-3.290000	0.209475
-3.280000	0.208365
-3.270000	0.206798
-3.260000	0.204806
-3.250000	0.202423
-3.240000	0.199681
-3.230000	0.196613
-3.220000	0.193252
-3.210000	0.189629
-3.200000	0.185775
-3.190000	0.181721
-3.180000	0.177497
-3.170000	0.173130
-3.160000	0.168650
-3.150000	0.164082
-3.140000	0.159453
-3.130000	0.154788
-3.120000	0.150110
-3.110000	0.145441
-3.100000	0.140804
-3.090000	0.136219
-3.080000	0.131703
-3.070000	0.127276
-3.060000	0.122954
-3.050000	0.118752
-3.040000	0.114684
-3.030000	0.110764
-3.020000	0.107003
-3.010000	0.103412
-3.000000	0.100000
-2.990000	0.096776
-2.980000	0.093746
-2.970000	0.090918
-2.960000	0.088295
-2.950000	0.085883
-2.940000	0.083684
-2.930000	0.081700
-2.920000	0.079933
-2.910000	0.078383
-2.900000	0.077050
-2.890000	0.075932
-2.880000	0.075027
-2.870000	0.074332
-2.860000	0.073845
-2.850000	0.073561
-2.840000	0.073476
-2.830000	0.073584
-2.820000	0.073880
-2.810000	0.074358
-2.800000	0.075011
-2.790000	0.075833
-2.780000	0.076817
-2.770000	0.077954
-2.760000	0.079238
-2.750000	0.080660
-2.740000	0.082213
-2.730000	0.083888
-2.720000	0.085677
-2.710000	0.087572
-2.700000	0.089564
-2.690000	0.091645
-2.680000	0.093807
-2.670000	0.096042
-2.660000	0.098341
-2.650000	0.100696
-2.640000	0.103100
-2.630000	0.105545
-2.620000	0.108022
-2.610000	0.110526
-2.600000	0.113048
-2.590000	0.115582
-2.580000	0.118122
-2.570000	0.120661
-2.560000	0.123192
-2.550000	0.125711
-2.540000	0.128211
-2.530000	0.130688
-2.520000	0.133136
-2.510000	0.135552
-2.500000	0.137931
-2.490000	0.140269
-2.480000	0.142563
-2.470000	0.144809
-2.460000	0.147005
-2.450000	0.149149
-2.440000	0.151237
-2.430000	0.153268
-2.420000	0.155241
-2.410000	0.157155
-2.400000	0.159008
-2.390000	0.160799
-2.380000	0.162530
-2.370000	0.164199
-2.360000	0.165806
-2.350000	0.167353
-2.340000	0.168840
-2.330000	0.170268
-2.320000	0.171639
-2.310000	0.172953
-2.300000	0.174212
-2.290000	0.175419
-2.280000	0.176575
-2.270000	0.177683
-2.260000	0.178744
-2.250000	0.179763
-2.240000	0.180740
-2.230000	0.181679
-2.220000	0.182583
-2.210000	0.183455
-2.200000	0.184298
-2.190000	0.185115
-2.180000	0.185909
-2.170000	0.186684
-2.160000	0.187442
-2.150000	0.188187
-2.140000	0.188923
-2.130000	0.189652
-2.120000	0.190379
-2.110000	0.191105
-2.100000	0.191836
-2.090000	0.192572
-2.080000	0.193319
-2.070000	0.194078
-2.060000	0.194854
-2.050000	0.195648
-2.040000	0.196464
-2.030000	0.197305
-2.020000	0.198173
-2.010000	0.199070
-2.000000	0.200000
-1.990000	0.200964
-1.980000	0.201966
-1.970000	0.203006
-1.960000	0.204087
-1.950000	0.205212
-1.940000	0.206380
-1.930000	0.207595
-1.920000	0.208858
-1.910000	0.210170
-1.900000	0.211532
-1.890000	0.212946
-1.880000	0.214412
-1.870000	0.215931
-1.860000	0.217504
-1.850000	0.219131
-1.840000	0.220814
-1.830000	0.222552
-1.820000	0.224345
-1.810000	0.226194
-1.800000	0.228098
-1.790000	0.230058
-1.780000	0.232073
-1.770000	0.234143
-1.760000	0.236268
-1.750000	0.238446
-1.740000	0.240678
-1.730000	0.242962
-1.720000	0.245298
-1.710000	0.247685
-1.700000	0.250123
-1.690000	0.252609
-1.680000	0.255144
-1.670000	0.257726
-1.660000	0.260353
-1.650000	0.263026
-1.640000	0.265743
-1.630000	0.268502
-1.620000	0.271302
-1.610000	0.274142
-1.600000	0.277022
-1.590000	0.279939
-1.580000	0.282892
-1.570000	0.285881
-1.560000	0.288904
-1.550000	0.291959
-1.540000	0.295047
-1.530000	0.298165
-1.520000	0.301313
-1.510000	0.304489
-1.500000	0.307692
-1.490000	0.310923
-1.480000	0.314178
-1.470000	0.317459
-1.460000	0.320764
-1.450000	0.324092
-1.440000	0.327443
-1.430000	0.330816
-1.420000	0.334211
-1.410000	0.337627
-1.400000	0.341064
-1.390000	0.344521
-1.380000	0.347998
-1.370000	0.351496
-1.360000	0.355014
-1.350000	0.358552
-1.340000	0.362110
-1.330000	0.365688
-1.320000	0.369287
-1.310000	0.372907
-1.300000	0.376548
-1.290000	0.380211
-1.280000	0.383897
-1.270000	0.387605
-1.260000	0.391337
-1.250000	0.395093
-1.240000	0.398874
-1.230000	0.402682
-1.220000	0.406516
-1.210000	0.410379
-1.200000	0.414270
-1.190000	0.418191
-1.180000	0.422144
-1.170000	0.426128
-1.160000	0.430146
-1.150000	0.434199
-1.140000	0.438288
-1.130000	0.442413
-1.120000	0.446577
-1.110000	0.450781
-1.100000	0.455026
-1.090000	0.459313
-1.080000	0.463643
-1.070000	0.468019
-1.060000	0.472440
-1.050000	0.476908
-1.040000	0.481425
-1.030000	0.485992
-1.020000	0.490609
-1.010000	0.495278
-1.000000	0.500000
-0.990000	0.504776
-0.980000	0.509606
-0.970000	0.514493
-0.960000	0.519436
-0.950000	0.524436
-0.940000	0.529493
-0.930000	0.534610
-0.920000	0.539785
-0.910000	0.545019
-0.900000	0.550314
-0.890000	0.555668
-0.880000	0.561081
-0.870000	0.566555
-0.860000	0.572089
-0.850000	0.577682
-0.840000	0.583334
-0.830000	0.589046
-0.820000	0.594815
-0.810000	0.600642
-0.800000	0.606525
-0.790000	0.612465
-0.780000	0.618459
-0.770000	0.624506
-0.760000	0.630605
-0.750000	0.636755
-0.740000	0.642954
-0.730000	0.649201
-0.720000	0.655492
-0.710000	0.661827
-0.700000	0.668203
-0.690000	0.674619
-0.680000	0.681070
-0.670000	0.687556
-0.660000	0.694073
-0.650000	0.700619
-0.640000	0.707191
-0.630000	0.713785
-0.620000	0.720399
-0.610000	0.727029
-0.600000	0.733672
-0.590000	0.740324
-0.580000	0.746983
-0.570000	0.753643
-0.560000	0.760302
-0.550000	0.766956
-0.540000	0.773600
-0.530000	0.780231
-0.520000	0.786844
-0.510000	0.793435
-0.500000	0.800000
-0.490000	0.806535
-0.480000	0.813035
-0.470000	0.819496
-0.460000	0.825913
-0.450000	0.832282
-0.440000	0.838598
-0.430000	0.844857
-0.420000	0.851054
-0.410000	0.857184
-0.400000	0.863244
-0.390000	0.869227
-0.380000	0.875130
-0.370000	0.880948
-0.360000	0.886676
-0.350000	0.892310
-0.340000	0.897845
-0.330000	0.903277
-0.320000	0.908601
-0.310000	0.913813
-0.300000	0.918908
-0.290000	0.923883
-0.280000	0.928733
-0.270000	0.933453
-0.260000	0.938040
-0.250000	0.942490
-0.240000	0.946799
-0.230000	0.950964
-0.220000	0.954979
-0.210000	0.958843
-0.200000	0.962551
-0.190000	0.966100
-0.180000	0.969488
-0.170000	0.972710
-0.160000	0.975764
-0.150000	0.978648
-0.140000	0.981358
-0.130000	0.983892
-0.120000	0.986248
-0.110000	0.988424
-0.100000	0.990418
-0.090000	0.992227
-0.080000	0.993850
-0.070000	0.995286
-0.060000	0.996533
-0.050000	0.997590
-0.040000	0.998457
-0.030000	0.999131
-0.020000	0.999614
-0.010000	0.999903
-0.000000	1.000000
0.010000	0.999903
0.020000	0.999614
0.030000	0.999131
0.040000	0.998457
0.050000	0.997590
0.060000	0.996533
0.070000	0.995286
0.080000	0.993850
0.090000	0.992227
0.100000	0.990418
0.110000	0.988424
0.120000	0.986248
0.130000	0.983892
0.140000	0.981358
0.150000	0.978648
0.160000	0.975764
0.170000	0.972710
0.180000	0.969488
0.190000	0.966100
0.200000	0.962551
0.210000	0.958843
0.220000	0.954979
0.230000	0.950964
0.240000	0.946799
0.250000	0.942490
0.260000	0.938040
0.270000	0.933453
0.280000	0.928733
0.290000	0.923883
0.300000	0.918908
0.310000	0.913813
0.320000	0.908601
0.330000	0.903277
0.340000	0.897845
0.350000	0.892310
0.360000	0.886676
0.370000	0.880948
0.380000	0.875130
0.390000	0.869227
0.400000	0.863244
0.410000	0.857184
0.420000	0.851054
0.430000	0.844857
0.440000	0.838598
0.450000	0.832282
0.460000	0.825913
0.470000	0.819496
0.480000	0.813035
0.490000	0.806535
0.500000	0.800000
0.510000	0.793435
0.520000	0.786844
0.530000	0.780231
0.540000	0.773600
0.550000	0.766956
0.560000	0.760302
0.570000	0.753643
0.580000	0.746983
0.590000	0.740324
0.600000	0.733672
0.610000	0.727029
0.620000	0.720399
0.630000	0.713785
0.640000	0.707191
0.650000	0.700619
0.660000	0.694073
0.670000	0.687556
0.680000	0.681070
0.690000	0.674619
0.700000	0.668203
0.710000	0.661827
0.720000	0.655492
0.730000	0.649201
0.740000	0.642954
0.750000	0.636755
0.760000	0.630605
0.770000	0.624506
0.780000	0.618459
0.790000	0.612465
0.800000	0.606525
0.810000	0.600642
0.820000	0.594815
0.830000	0.589046
0.840000	0.583334
0.850000	0.577682
0.860000	0.572089
0.870000	0.566555
0.880000	0.561081
0.890000	0.555668
0.900000	0.550314
0.910000	0.545019
0.920000	0.539785
0.930000	0.534610
0.940000	0.529493
0.950000	0.524436
0.960000	0.519436
0.970000	0.514493
0.980000	0.509606
0.990000	0.504776
1.000000	0.500000
1.010000	0.495278
1.020000	0.490609
1.030000	0.485992
1.040000	0.481425
1.050000	0.476908
1.060000	0.472440
1.070000	0.468019
1.080000	0.463643
1.090000	0.459313
1.100000	0.455026
1.110000	0.450781
1.120000	0.446577
1.130000	0.442413
1.140000	0.438288
1.150000	0.434199
1.160000	0.430146
1.170000	0.426128
1.180000	0.422144
1.190000	0.418191
1.200000	0.414270
1.210000	0.410379
1.220000	0.406516
1.230000	0.402682
1.240000	0.398874
1.250000	0.395093
1.260000	0.391337
1.270000	0.387605
1.280000	0.383897
1.290000	0.380211
1.300000	0.376548
1.310000	0.372907
1.320000	0.369287
1.330000	0.365688
1.340000	0.362110
1.350000	0.358552
1.360000	0.355014
1.370000	0.351496
1.380000	0.347998
1.390000	0.344521
1.400000	0.341064
1.410000	0.337627
1.420000	0.334211
1.430000	0.330816
1.440000	0.327443
1.450000	0.324092
1.460000	0.320764
1.470000	0.317459
1.480000	0.314178
1.490000	0.310923
1.500000	0.307692
1.510000	0.304489
1.520000	0.301313
1.530000	0.298165
1.540000	0.295047
1.550000	0.291959
1.560000	0.288904
1.570000	0.285881
1.580000	0.282892
1.590000	0.279939
1.600000	0.277022
1.610000	0.274142
1.620000	0.271302
1.630000	0.268502
1.640000	0.265743
1.650000	0.263026
1.660000	0.260353
1.670000	0.257726
1.680000	0.255144
1.690000	0.252609
1.700000	0.250123
1.710000	0.247685
1.720000	0.245298
1.730000	0.242962
1.740000	0.240678
1.750000	0.238446
1.760000	0.236268
1.770000	0.234143
1.780000	0.232073
1.790000	0.230058
1.800000	0.228098
1.810000	0.226194
1.820000	0.224345
1.830000	0.222552
1.840000	0.220814
1.850000	0.219131
1.860000	0.217504
1.870000	0.215931
1.880000	0.214412
1.890000	0.212946
1.900000	0.211532
1.910000	0.210170
1.920000	0.208858
1.930000	0.207595
1.940000	0.206380
1.950000	0.205212
1.960000	0.204087
1.970000	0.203006
1.980000	0.201966
1.990000	0.200964
2.000000	0.200000
2.010000	0.199070
2.020000	0.198173
2.030000	0.197305
2.040000	0.196464
2.050000	0.195648
2.060000	0.194854
2.070000	0.194078
2.080000	0.193319
2.090000	0.192572
2.100000	0.191836
2.110000	0.191105
2.120000	0.190379
2.130000	0.189652
2.140000	0.188923
2.150000	0.188187
2.160000	0.187442
2.170000	0.186684
2.180000	0.185909
2.190000	0.185115
2.200000	0.184298
2.210000	0.183455
2.220000	0.182583
2.230000	0.181679
2.240000	0.180740
2.250000	0.179763
2.260000	0.178744
2.270000	0.177683
2.280000	0.176575
2.290000	0.175419
2.300000	0.174212
2.310000	0.172953
2.320000	0.171639
2.330000	0.170268
2.340000	0.168840
2.350000	0.167353
2.360000	0.165806
2.370000	0.164199
2.380000	0.162530
2.390000	0.160799
2.400000	0.159008
2.410000	0.157155
2.420000	0.155241
2.430000	0.153268
2.440000	0.151237
2.450000	0.149149
2.460000	0.147005
2.470000	0.144809
2.480000	0.142563
2.490000	0.140269
2.500000	0.137931
2.510000	0.135552
2.520000	0.133136
2.530000	0.130688
2.540000	0.128211
2.550000	0.125711
2.560000	0.123192
2.570000	0.120661
2.580000	0.118122
2.590000	0.115582
2.600000	0.113048
2.610000	0.110526
2.620000	0.108022
2.630000	0.105545
2.640000	0.103100
2.650000	0.100696
2.660000	0.098341
2.670000	0.096042
2.680000	0.093807
2.690000	0.091645
2.700000	0.089564
2.710000	0.087572
2.720000	0.085677
2.730000	0.083888
2.740000	0.082213
2.750000	0.080660
2.760000	0.079238
2.770000	0.077954
2.780000	0.076817
2.790000	0.075833
2.800000	0.075011
2.810000	0.074358
2.820000	0.073880
2.830000	0.073584
2.840000	0.073476
2.850000	0.073561
2.860000	0.073845
2.870000	0.074332
2.880000	0.075027
2.890000	0.075932
2.900000	0.077050
2.910000	0.078383
2.920000	0.079933
2.930000	0.081700
2.940000	0.083684
2.950000	0.085883
2.960000	0.088295
2.970000	0.090918
2.980000	0.093746
2.990000	0.096776
3.000000	0.100000
3.010000	0.103412
3.020000	0.107003
3.030000	0.110764
3.040000	0.114684
3.050000	0.118752
3.060000	0.122954
3.070000	0.127276
3.080000	0.131703
3.090000	0.136219
3.100000	0.140804
3.110000	0.145441
3.120000	0.150110
3.130000	0.154788
3.140000	0.159453
3.150000	0.164082
3.160000	0.168650
3.170000	0.173130
3.180000	0.177497
3.190000	0.181721
3.200000	0.185775
3.210000	0.189629
3.220000	0.193252
3.230000	0.196613
3.240000	0.199681
3.250000	0.202423
3.260000	0.204806
3.270000	0.206798
3.280000	0.208365
3.290000	0.209475
3.300000	0.210093
3.310000	0.210187
3.320000	0.209724
3.330000	0.208671
3.340000	0.206998
3.350000	0.204674
3.360000	0.201668
3.370000	0.197953
3.380000	0.193500
3.390000	0.188285
3.400000	0.182283
3.410000	0.175473
3.420000	0.167835
3.430000	0.159352
3.440000	0.150009
3.450000	0.139794
3.460000	0.128700
3.470000	0.116720
3.480000	0.103853
3.490000	0.090101
3.500000	0.075472
3.510000	0.059974
3.520000	0.043624
3.530000	0.026442
3.540000	0.008452
3.550000	-0.010316
3.560000	-0.029824
3.570000	-0.050032
3.580000	-0.070892
3.590000	-0.092351
3.600000	-0.114348
3.610000	-0.136817
3.620000	-0.159685
3.630000	-0.182871
3.640000	-0.206289
3.650000	-0.229844
3.660000	-0.253435
3.670000	-0.276954
3.680000	-0.300284
3.690000	-0.323303
3.700000	-0.345879
3.710000	-0.367875
3.720000	-0.389146
3.730000	-0.409540
3.740000	-0.428897
3.750000	-0.447052
3.760000	-0.463833
3.770000	-0.479060
3.780000	-0.492551
3.790000	-0.504113
3.800000	-0.513554
3.810000	-0.520673
3.820000	-0.525266
3.830000	-0.527126
3.840000	-0.526044
3.850000	-0.521807
3.860000	-0.514203
3.870000	-0.503019
3.880000	-0.488042
3.890000	-0.469061
3.900000	-0.445868
3.910000	-0.418258
3.920000	-0.386034
3.930000	-0.349003
3.940000	-0.306982
3.950000	-0.259795
3.960000	-0.207280
3.970000	-0.149288
3.980000	-0.085682
3.990000	-0.016345
4.000000	0.058824
4.010000	0.139902
4.020000	0.226946
4.030000	0.319986
4.040000	0.419026
4.050000	0.524038
4.060000	0.634962
4.070000	0.751705
4.080000	0.874132
4.090000	1.002072
4.100000	1.135307
4.110000	1.273574
4.120000	1.416562
4.130000	1.563906
4.140000	1.715187
4.150000	1.869927
4.160000	2.027588
4.170000	2.187567
4.180000	2.349194
4.190000	2.511727
4.200000	2.674355
4.210000	2.836188
4.220000	2.996256
4.230000	3.153511
4.240000	3.306818
4.250000	3.454958
4.260000	3.596621
4.270000	3.730409
4.280000	3.854829
4.290000	3.968297
4.300000	4.069132
4.310000	4.155558
4.320000	4.225704
4.330000	4.277601
4.340000	4.309187
4.350000	4.318304
4.360000	4.302704
4.370000	4.260048
4.380000	4.187909
4.390000	4.083779
4.400000	3.945073
4.410000	3.769132
4.420000	3.553234
4.430000	3.294599
4.440000	2.990400
4.450000	2.637774
4.460000	2.233831
4.470000	1.775671
4.480000	1.260399
4.490000	0.685140
4.500000	0.047059
4.510000	-0.656618
4.520000	-1.428579
4.530000	-2.271404
4.540000	-3.187533
4.550000	-4.179237
4.560000	-5.248585
4.570000	-6.397404
4.580000	-7.627243
4.590000	-8.939327
4.600000	-10.334508
4.610000	-11.813218
4.620000	-13.375408
4.630000	-15.020493
4.640000	-16.747285
4.650000	-18.553922
4.660000	-20.437794
4.670000	-22.395463
4.680000	-24.422575
4.690000	-26.513767
4.700000	-28.662567
4.710000	-30.861287
4.720000	-33.100911
4.730000	-35.370969
4.740000	-37.659407
4.750000	-39.952449
4.760000	-42.234449
4.770000	-44.487730
4.780000	-46.692416
4.790000	-48.826252
4.800000	-50.864415
4.810000	-52.779307
4.820000	-54.540343
4.830000	-56.113718
4.840000	-57.462168
4.850000	-58.544708
4.860000	-59.316361
4.870000	-59.727870
4.880000	-59.725386
4.890000	-59.250148
4.900000	-58.238141
4.910000	-56.619727
4.920000	-54.319268
4.930000	-51.254715
4.940000	-47.337185
4.950000	-42.470508
4.960000	-36.550748
4.970000	-29.465704
4.980000	-21.094379
4.990000	-11.306422
5.000000	0.038462


