-5.000000	0.059843
-4.990000	0.058546
-4.980000	0.057275
-4.970000	0.056029
-4.960000	0.054807
-4.950000	0.053611
-4.940000	0.052439
-4.930000	0.051292
-4.920000	0.050169
-4.910000	0.049071
-4.900000	0.047997
-4.890000	0.046947
-4.880000	0.045920
-4.870000	0.044918
-4.860000	0.043939
-4.850000	0.042983
-4.840000	0.042051
-4.830000	0.041143
-4.820000	0.040257
-4.810000	0.039394
-4.800000	0.038554
-4.790000	0.037737
-4.780000	0.036943
-4.770000	0.036171
-4.760000	0.035421
-4.750000	0.034693
-4.740000	0.033988
-4.730000	0.033304
-4.720000	0.032642
-4.710000	0.032002
-4.700000	0.031384
-4.690000	0.030786
-4.680000	0.030210
-4.670000	0.029656
-4.660000	0.029122
-4.650000	0.028609
-4.640000	0.028117
-4.630000	0.027646
-4.620000	0.027195
-4.610000	0.026764
-4.600000	0.026354
-4.590000	0.025964
-4.580000	0.025594
-4.570000	0.025244
-4.560000	0.024914
-4.550000	0.024603
-4.540000	0.024312
-4.530000	0.024040
-4.520000	0.023787
-4.510000	0.023554
-4.500000	0.023339
-4.490000	0.023144
-4.480000	0.022967
-4.470000	0.022809
-4.460000	0.022669
-4.450000	0.022548
-4.440000	0.022445
-4.430000	0.022361
-4.420000	0.022294
-4.410000	0.022245
-4.400000	0.022215
-4.390000	0.022201
-4.380000	0.022206
-4.370000	0.022227
-4.360000	0.022267
-4.350000	0.022323
-4.340000	0.022396
-4.330000	0.022487
-4.320000	0.022594
-4.310000	0.022718
-4.300000	0.022858
-4.290000	0.023015
-4.280000	0.023189
-4.270000	0.023379
-4.260000	0.023584
-4.250000	0.023806
-4.240000	0.024044
-4.230000	0.024298
-4.220000	0.024567
-4.210000	0.024852
-4.200000	0.025152
-4.190000	0.025467
-4.180000	0.025798
-4.170000	0.026144
-4.160000	0.026505
-4.150000	0.026881
-4.140000	0.027271
-4.130000	0.027677
-4.120000	0.028096
-4.110000	0.028531
-4.100000	0.028979
-4.090000	0.029442
-4.080000	0.029918
-4.070000	0.030409
-4.060000	0.030914
-4.050000	0.031432
-4.040000	0.031964
-4.030000	0.032510
-4.020000	0.033069
-4.010000	0.033641
-4.000000	0.034226
-3.990000	0.034825
-3.980000	0.035436
-3.970000	0.036061
-3.960000	0.036698
-3.950000	0.037348
-3.940000	0.038010
-3.930000	0.038685
-3.920000	0.039372
-3.910000	0.040072
-3.900000	0.040783
-3.890000	0.041507
-3.880000	0.042242
-3.870000	0.042989
-3.860000	0.043748
-3.850000	0.044519
-3.840000	0.045301
-3.830000	0.046094
-3.820000	0.046899
-3.810000	0.047715
-3.800000	0.048541
-3.790000	0.049379
-3.780000	0.050228
-3.770000	0.051087
-3.760000	0.051958
-3.750000	0.052838
-3.740000	0.053729
-3.730000	0.054631
-3.720000	0.055542
-3.710000	0.056464
-3.700000	0.057396
-3.690000	0.058338
-3.680000	0.059290
-3.670000	0.060251
-3.660000	0.061222
-3.650000	0.062203
-3.640000	0.063193
-3.630000	0.064192
-3.620000	0.065200
-3.610000	0.066218
-3.600000	0.067245
-3.590000	0.068280
-3.580000	0.069325
-3.570000	0.070378
-3.560000	0.071440
-3.550000	0.072511
-3.540000	0.073590
-3.530000	0.074677
-3.520000	0.075772
-3.510000	0.076876
-3.500000	0.077988
-3.490000	0.079107
-3.480000	0.080235
-3.470000	0.081370
-3.460000	0.082513
-3.450000	0.083664
-3.440000	0.084822
-3.430000	0.085988
-3.420000	0.087160
-3.410000	0.088341
-3.400000	0.089528
-3.390000	0.090722
-3.380000	0.091923
-3.370000	0.093131
-3.360000	0.094346
-3.350000	0.095567
-3.340000	0.096795
-3.330000	0.098029
-3.320000	0.099270
-3.310000	0.100517
-3.300000	0.101771
-3.290000	0.103030
-3.280000	0.104295
-3.270000	0.105567
-3.260000	0.106844
-3.250000	0.108127
-3.240000	0.109416
-3.230000	0.110710
-3.220000	0.112010
-3.210000	0.113315
-3.200000	0.114625
-3.190000	0.115941
-3.180000	0.117261
-3.170000	0.118587
-3.160000	0.119918
-3.150000	0.121254
-3.140000	0.122594
-3.130000	0.123939
-3.120000	0.125289
-3.110000	0.126643
-3.100000	0.128002
-3.090000	0.129365
-3.080000	0.130732
-3.070000	0.132104
-3.060000	0.133480
-3.050000	0.134859
-3.040000	0.136243
-3.030000	0.137630
-3.020000	0.139022
-3.010000	0.140417
-3.000000	0.141815
-2.990000	0.143217
-2.980000	0.144623
-2.970000	0.146032
-2.960000	0.147444
-2.950000	0.148860
-2.940000	0.150278
-2.930000	0.151700
-2.920000	0.153124
-2.910000	0.154552
-2.900000	0.155982
-2.890000	0.157415
-2.880000	0.158850
-2.870000	0.160289
-2.860000	0.161729
-2.850000	0.163172
-2.840000	0.164618
-2.830000	0.166065
-2.820000	0.167515
-2.810000	0.168967
-2.800000	0.170421
-2.790000	0.171877
-2.780000	0.173335
-2.770000	0.174794
-2.760000	0.176255
-2.750000	0.177718
-2.740000	0.179183
-2.730000	0.180649
-2.720000	0.182116
-2.710000	0.183585
-2.700000	0.185055
-2.690000	0.186526
-2.680000	0.187998
-2.670000	0.189472
-2.660000	0.190946
-2.650000	0.192421
-2.640000	0.193897
-2.630000	0.195374
-2.620000	0.196851
-2.610000	0.198330
-2.600000	0.199808
-2.590000	0.201287
-2.580000	0.202767
-2.570000	0.204247
-2.560000	0.205727
-2.550000	0.207207
-2.540000	0.208687
-2.530000	0.210168
-2.520000	0.211648
-2.510000	0.213128
-2.500000	0.214609
-2.490000	0.216089
-2.480000	0.217568
-2.470000	0.219047
-2.460000	0.220526
-2.450000	0.222005
-2.440000	0.223482
-2.430000	0.224960
-2.420000	0.226436
-2.410000	0.227912
-2.400000	0.229387
-2.390000	0.230861
-2.380000	0.232334
-2.370000	0.233805
-2.360000	0.235276
-2.350000	0.236746
-2.340000	0.238215
-2.330000	0.239682
-2.320000	0.241148
-2.310000	0.242612
-2.300000	0.244075
-2.290000	0.245536
-2.280000	0.246996
-2.270000	0.248454
-2.260000	0.249911
-2.250000	0.251366
-2.240000	0.252818
-2.230000	0.254269
-2.220000	0.255718
-2.210000	0.257165
-2.200000	0.258610
-2.190000	0.260052
-2.180000	0.261493
-2.170000	0.262931
-2.160000	0.264367
-2.150000	0.265800
-2.140000	0.267231
-2.130000	0.268660
-2.120000	0.270085
-2.110000	0.271509
-2.100000	0.272929
-2.090000	0.274347
-2.080000	0.275762
-2.070000	0.277174
-2.060000	0.278584
-2.050000	0.279990
-2.040000	0.281393
-2.030000	0.282793
-2.020000	0.284190
-2.010000	0.285584
-2.000000	0.286975
-1.990000	0.288362
-1.980000	0.289746
-1.970000	0.291127
-1.960000	0.292504
-1.950000	0.293877
-1.940000	0.295247
-1.930000	0.296614
-1.920000	0.297977
-1.910000	0.299336
-1.900000	0.300691
-1.890000	0.302042
-1.880000	0.303389
-1.870000	0.304733
-1.860000	0.306073
-1.850000	0.307408
-1.840000	0.308739
-1.830000	0.310067
-1.820000	0.311390
-1.810000	0.312709
-1.800000	0.314023
-1.790000	0.315333
-1.780000	0.316639
-1.770000	0.317941
-1.760000	0.319237
-1.750000	0.320530
-1.740000	0.321818
-1.730000	0.323101
-1.720000	0.324379
-1.710000	0.325653
-1.700000	0.326922
-1.690000	0.328186
-1.680000	0.329445
-1.670000	0.330700
-1.660000	0.331949
-1.650000	0.333194
-1.640000	0.334433
-1.630000	0.335667
-1.620000	0.336896
-1.610000	0.338120
-1.600000	0.339339
-1.590000	0.340552
-1.580000	0.341761
-1.570000	0.342963
-1.560000	0.344161
-1.550000	0.345353
-1.540000	0.346539
-1.530000	0.347720
-1.520000	0.348896
-1.510000	0.350065
-1.500000	0.351229
-1.490000	0.352388
-1.480000	0.353541
-1.470000	0.354687
-1.460000	0.355829
-1.450000	0.356964
-1.440000	0.358093
-1.430000	0.359217
-1.420000	0.360334
-1.410000	0.361445
-1.400000	0.362551
-1.390000	0.363650
-1.380000	0.364743
-1.370000	0.365830
-1.360000	0.366911
-1.350000	0.367986
-1.340000	0.369054
-1.330000	0.370116
-1.320000	0.371172
-1.310000	0.372221
-1.300000	0.373264
-1.290000	0.374300
-1.280000	0.375330
-1.270000	0.376353
-1.260000	0.377370
-1.250000	0.378380
-1.240000	0.379384
-1.230000	0.380381
-1.220000	0.381371
-1.210000	0.382354
-1.200000	0.383331
-1.190000	0.384301
-1.180000	0.385264
-1.170000	0.386220
-1.160000	0.387169
-1.150000	0.388112
-1.140000	0.389047
-1.130000	0.389975
-1.120000	0.390897
-1.110000	0.391811
-1.100000	0.392718
-1.090000	0.393619
-1.080000	0.394512
-1.070000	0.395397
-1.060000	0.396276
-1.050000	0.397147
-1.040000	0.398011
-1.030000	0.398868
-1.020000	0.399718
-1.010000	0.400560
-1.000000	0.401395
-0.990000	0.402222
-0.980000	0.403042
-0.970000	0.403855
-0.960000	0.404660
-0.950000	0.405457
-0.940000	0.406247
-0.930000	0.407030
-0.920000	0.407805
-0.910000	0.408572
-0.900000	0.409331
-0.890000	0.410083
-0.880000	0.410828
-0.870000	0.411564
-0.860000	0.412293
-0.850000	0.413014
-0.840000	0.413727
-0.830000	0.414433
-0.820000	0.415131
-0.810000	0.415820
-0.800000	0.416502
-0.790000	0.417176
-0.780000	0.417842
-0.770000	0.418501
-0.760000	0.419151
-0.750000	0.419793
-0.740000	0.420427
-0.730000	0.421054
-0.720000	0.421672
-0.710000	0.422282
-0.700000	0.422884
-0.690000	0.423478
-0.680000	0.424064
-0.670000	0.424642
-0.660000	0.425211
-0.650000	0.425773
-0.640000	0.426326
-0.630000	0.426871
-0.620000	0.427408
-0.610000	0.427936
-0.600000	0.428457
-0.590000	0.428969
-0.580000	0.429472
-0.570000	0.429968
-0.560000	0.430455
-0.550000	0.430934
-0.540000	0.431404
-0.530000	0.431866
-0.520000	0.432320
-0.510000	0.432765
-0.500000	0.433202
-0.490000	0.433630
-0.480000	0.434050
-0.470000	0.434462
-0.460000	0.434865
-0.450000	0.435259
-0.440000	0.435645
-0.430000	0.436023
-0.420000	0.436392
-0.410000	0.436753
-0.400000	0.437105
-0.390000	0.437448
-0.380000	0.437783
-0.370000	0.438109
-0.360000	0.438427
-0.350000	0.438736
-0.340000	0.439037
-0.330000	0.439329
-0.320000	0.439612
-0.310000	0.439887
-0.300000	0.440153
-0.290000	0.440410
-0.280000	0.440659
-0.270000	0.440899
-0.260000	0.441131
-0.250000	0.441354
-0.240000	0.441568
-0.230000	0.441773
-0.220000	0.441970
-0.210000	0.442158
-0.200000	0.442337
-0.190000	0.442508
-0.180000	0.442670
-0.170000	0.442823
-0.160000	0.442967
-0.150000	0.443103
-0.140000	0.443230
-0.130000	0.443348
-0.120000	0.443458
-0.110000	0.443558
-0.100000	0.443650
-0.090000	0.443734
-0.080000	0.443808
-0.070000	0.443874
-0.060000	0.443931
-0.050000	0.443979
-0.040000	0.444018
-0.030000	0.444049
-0.020000	0.444071
-0.010000	0.444084
-0.000000	0.444089
0.010000	0.444084
0.020000	0.444071
0.030000	0.444049
0.040000	0.444018
0.050000	0.443979
0.060000	0.443931
0.070000	0.443874
0.080000	0.443808
0.090000	0.443734
0.100000	0.443650
0.110000	0.443558
0.120000	0.443458
0.130000	0.443348
0.140000	0.443230
0.150000	0.443103
0.160000	0.442967
0.170000	0.442823
0.180000	0.442670
0.190000	0.442508
0.200000	0.442337
0.210000	0.442158
0.220000	0.441970
0.230000	0.441773
0.240000	0.441568
0.250000	0.441353
0.260000	0.441131
0.270000	0.440899
0.280000	0.440659
0.290000	0.440410
0.300000	0.440153
0.310000	0.439887
0.320000	0.439612
0.330000	0.439329
0.340000	0.439037
0.350000	0.438736
0.360000	0.438427
0.370000	0.438109
0.380000	0.437783
0.390000	0.437448
0.400000	0.437104
0.410000	0.436752
0.420000	0.436392
0.430000	0.436023
0.440000	0.435645
0.450000	0.435259
0.460000	0.434865
0.470000	0.434461
0.480000	0.434050
0.490000	0.433630
0.500000	0.433202
0.510000	0.432765
0.520000	0.432319
0.530000	0.431866
0.540000	0.431404
0.550000	0.430933
0.560000	0.430455
0.570000	0.429967
0.580000	0.429472
0.590000	0.428968
0.600000	0.428456
0.610000	0.427936
0.620000	0.427408
0.630000	0.426871
0.640000	0.426326
0.650000	0.425772
0.660000	0.425211
0.670000	0.424641
0.680000	0.424064
0.690000	0.423478
0.700000	0.422884
0.710000	0.422282
0.720000	0.421672
0.730000	0.421053
0.740000	0.420427
0.750000	0.419793
0.760000	0.419151
0.770000	0.418500
0.780000	0.417842
0.790000	0.417176
0.800000	0.416502
0.810000	0.415820
0.820000	0.415130
0.830000	0.414433
0.840000	0.413727
0.850000	0.413014
0.860000	0.412293
0.870000	0.411564
0.880000	0.410827
0.890000	0.410083
0.900000	0.409331
0.910000	0.408571
0.920000	0.407804
0.930000	0.407029
0.940000	0.406247
0.950000	0.405457
0.960000	0.404659
0.970000	0.403854
0.980000	0.403042
0.990000	0.402222
1.000000	0.401394
1.010000	0.400560
1.020000	0.399717
1.030000	0.398868
1.040000	0.398011
1.050000	0.397147
1.060000	0.396276
1.070000	0.395397
1.080000	0.394511
1.090000	0.393618
1.100000	0.392718
1.110000	0.391811
1.120000	0.390896
1.130000	0.389975
1.140000	0.389047
1.150000	0.388111
1.160000	0.387169
1.170000	0.386220
1.180000	0.385263
1.190000	0.384300
1.200000	0.383330
1.210000	0.382354
1.220000	0.381370
1.230000	0.380380
1.240000	0.379383
1.250000	0.378380
1.260000	0.377370
1.270000	0.376353
1.280000	0.375329
1.290000	0.374300
1.300000	0.373263
1.310000	0.372220
1.320000	0.371171
1.330000	0.370115
1.340000	0.369054
1.350000	0.367985
1.360000	0.366911
1.370000	0.365830
1.380000	0.364743
1.390000	0.363650
1.400000	0.362550
1.410000	0.361445
1.420000	0.360334
1.430000	0.359216
1.440000	0.358093
1.450000	0.356963
1.460000	0.355828
1.470000	0.354687
1.480000	0.353540
1.490000	0.352387
1.500000	0.351229
1.510000	0.350065
1.520000	0.348895
1.530000	0.347720
1.540000	0.346539
1.550000	0.345352
1.560000	0.344160
1.570000	0.342963
1.580000	0.341760
1.590000	0.340552
1.600000	0.339339
1.610000	0.338120
1.620000	0.336896
1.630000	0.335667
1.640000	0.334432
1.650000	0.333193
1.660000	0.331949
1.670000	0.330699
1.680000	0.329445
1.690000	0.328186
1.700000	0.326921
1.710000	0.325652
1.720000	0.324379
1.730000	0.323100
1.740000	0.321817
1.750000	0.320529
1.760000	0.319237
1.770000	0.317940
1.780000	0.316639
1.790000	0.315333
1.800000	0.314023
1.810000	0.312708
1.820000	0.311389
1.830000	0.310066
1.840000	0.308739
1.850000	0.307408
1.860000	0.306072
1.870000	0.304733
1.880000	0.303389
1.890000	0.302042
1.900000	0.300690
1.910000	0.299335
1.920000	0.297976
1.930000	0.296613
1.940000	0.295247
1.950000	0.293877
1.960000	0.292503
1.970000	0.291126
1.980000	0.289746
1.990000	0.288362
2.000000	0.286975
2.010000	0.285584
2.020000	0.284190
2.030000	0.282793
2.040000	0.281393
2.050000	0.279990
2.060000	0.278583
2.070000	0.277174
2.080000	0.275762
2.090000	0.274347
2.100000	0.272929
2.110000	0.271508
2.120000	0.270085
2.130000	0.268659
2.140000	0.267231
2.150000	0.265800
2.160000	0.264366
2.170000	0.262931
2.180000	0.261492
2.190000	0.260052
2.200000	0.258609
2.210000	0.257165
2.220000	0.255718
2.230000	0.254269
2.240000	0.252818
2.250000	0.251365
2.260000	0.249910
2.270000	0.248454
2.280000	0.246996
2.290000	0.245536
2.300000	0.244075
2.310000	0.242612
2.320000	0.241147
2.330000	0.239681
2.340000	0.238214
2.350000	0.236746
2.360000	0.235276
2.370000	0.233805
2.380000	0.232333
2.390000	0.230860
2.400000	0.229386
2.410000	0.227911
2.420000	0.226436
2.430000	0.224959
2.440000	0.223482
2.450000	0.222004
2.460000	0.220526
2.470000	0.219047
2.480000	0.217568
2.490000	0.216088
2.500000	0.214608
2.510000	0.213128
2.520000	0.211648
2.530000	0.210167
2.540000	0.208687
2.550000	0.207207
2.560000	0.205726
2.570000	0.204246
2.580000	0.202766
2.590000	0.201287
2.600000	0.199808
2.610000	0.198329
2.620000	0.196851
2.630000	0.195374
2.640000	0.193897
2.650000	0.192421
2.660000	0.190946
2.670000	0.189471
2.680000	0.187998
2.690000	0.186526
2.700000	0.185055
2.710000	0.183585
2.720000	0.182116
2.730000	0.180648
2.740000	0.179183
2.750000	0.177718
2.760000	0.176255
2.770000	0.174794
2.780000	0.173334
2.790000	0.171877
2.800000	0.170421
2.810000	0.168967
2.820000	0.167515
2.830000	0.166065
2.840000	0.164617
2.850000	0.163172
2.860000	0.161729
2.870000	0.160288
2.880000	0.158850
2.890000	0.157415
2.900000	0.155982
2.910000	0.154551
2.920000	0.153124
2.930000	0.151699
2.940000	0.150278
2.950000	0.148859
2.960000	0.147444
2.970000	0.146032
2.980000	0.144623
2.990000	0.143217
3.000000	0.141815
3.010000	0.140417
3.020000	0.139022
3.030000	0.137630
3.040000	0.136243
3.050000	0.134859
3.060000	0.133479
3.070000	0.132104
3.080000	0.130732
3.090000	0.129365
3.100000	0.128002
3.110000	0.126643
3.120000	0.125289
3.130000	0.123939
3.140000	0.122594
3.150000	0.121253
3.160000	0.119918
3.170000	0.118587
3.180000	0.117261
3.190000	0.115941
3.200000	0.114625
3.210000	0.113315
3.220000	0.112009
3.230000	0.110710
3.240000	0.109416
3.250000	0.108127
3.260000	0.106844
3.270000	0.105567
3.280000	0.104295
3.290000	0.103030
3.300000	0.101771
3.310000	0.100517
3.320000	0.099270
3.330000	0.098029
3.340000	0.096795
3.350000	0.095567
3.360000	0.094346
3.370000	0.093131
3.380000	0.091923
3.390000	0.090722
3.400000	0.089528
3.410000	0.088341
3.420000	0.087161
3.430000	0.085988
3.440000	0.084822
3.450000	0.083664
3.460000	0.082513
3.470000	0.081370
3.480000	0.080235
3.490000	0.079107
3.500000	0.077988
3.510000	0.076876
3.520000	0.075772
3.530000	0.074677
3.540000	0.073590
3.550000	0.072511
3.560000	0.071440
3.570000	0.070378
3.580000	0.069325
3.590000	0.068281
3.600000	0.067245
3.610000	0.066218
3.620000	0.065201
3.630000	0.064192
3.640000	0.063193
3.650000	0.062203
3.660000	0.061222
3.670000	0.060251
3.680000	0.059290
3.690000	0.058338
3.700000	0.057396
3.710000	0.056464
3.720000	0.055543
3.730000	0.054631
3.740000	0.053729
3.750000	0.052838
3.760000	0.051958
3.770000	0.051088
3.780000	0.050228
3.790000	0.049379
3.800000	0.048542
3.810000	0.047715
3.820000	0.046899
3.830000	0.046094
3.840000	0.045301
3.850000	0.044519
3.860000	0.043748
3.870000	0.042989
3.880000	0.042242
3.890000	0.041507
3.900000	0.040783
3.910000	0.040072
3.920000	0.039372
3.930000	0.038685
3.940000	0.038010
3.950000	0.037348
3.960000	0.036698
3.970000	0.036061
3.980000	0.035437
3.990000	0.034825
4.000000	0.034226
4.010000	0.033641
4.020000	0.033069
4.030000	0.032510
4.040000	0.031964
4.050000	0.031432
4.060000	0.030914
4.070000	0.030409
4.080000	0.029919
4.090000	0.029442
4.100000	0.028979
4.110000	0.028531
4.120000	0.028097
4.130000	0.027677
4.140000	0.027272
4.150000	0.026881
4.160000	0.026505
4.170000	0.026144
4.180000	0.025799
4.190000	0.025468
4.200000	0.025152
4.210000	0.024852
4.220000	0.024567
4.230000	0.024298
4.240000	0.024044
4.250000	0.023806
4.260000	0.023585
4.270000	0.023379
4.280000	0.023189
4.290000	0.023016
4.300000	0.022859
4.310000	0.022718
4.320000	0.022594
4.330000	0.022487
4.340000	0.022397
4.350000	0.022323
4.360000	0.022267
4.370000	0.022228
4.380000	0.022206
4.390000	0.022202
4.400000	0.022215
4.410000	0.022246
4.420000	0.022294
4.430000	0.022361
4.440000	0.022446
4.450000	0.022549
4.460000	0.022670
4.470000	0.022809
4.480000	0.022967
4.490000	0.023144
4.500000	0.023339
4.510000	0.023554
4.520000	0.023787
4.530000	0.024040
4.540000	0.024312
4.550000	0.024603
4.560000	0.024914
4.570000	0.025244
4.580000	0.025594
4.590000	0.025964
4.600000	0.026354
4.610000	0.026765
4.620000	0.027195
4.630000	0.027646
4.640000	0.028117
4.650000	0.028609
4.660000	0.029122
4.670000	0.029656
4.680000	0.030211
4.690000	0.030786
4.700000	0.031384
4.710000	0.032002
4.720000	0.032642
4.730000	0.033304
4.740000	0.033988
4.750000	0.034693
4.760000	0.035421
4.770000	0.036171
4.780000	0.036943
4.790000	0.037737
4.800000	0.038554
4.810000	0.039394
4.820000	0.040257
4.830000	0.041143
4.840000	0.042051
4.850000	0.042983
4.860000	0.043939
4.870000	0.044918
4.880000	0.045920
4.890000	0.046946
4.900000	0.047997
4.910000	0.049071
4.920000	0.050169
4.930000	0.051292
4.940000	0.052439
4.950000	0.053611
4.960000	0.054807
4.970000	0.056028
4.980000	0.057275
4.990000	0.058546
5.000000	0.059843


-5.000000	-0.005327
-4.990000	0.004939
-4.980000	0.014431
-4.970000	0.023183
-4.960000	0.031229
-4.950000	0.038599
-4.940000	0.045325
-4.930000	0.051437
-4.920000	0.056963
-4.910000	0.061931
-4.900000	0.066370
-4.890000	0.070306
-4.880000	0.073764
-4.870000	0.076769
-4.860000	0.079345
-4.850000	0.081516
-4.840000	0.083304
-4.830000	0.084731
-4.820000	0.085818
-4.810000	0.086585
-4.800000	0.087053
-4.790000	0.087239
-4.780000	0.087163
-4.770000	0.086843
-4.760000	0.086294
-4.750000	0.085535
-4.740000	0.084580
-4.730000	0.083446
-4.720000	0.082146
-4.710000	0.080695
-4.700000	0.079107
-4.690000	0.077395
-4.680000	0.075570
-4.670000	0.073647
-4.660000	0.071635
-4.650000	0.069546
-4.640000	0.067391
-4.630000	0.065179
-4.620000	0.062921
-4.610000	0.060626
-4.600000	0.058303
-4.590000	0.055960
-4.580000	0.053605
-4.570000	0.051245
-4.560000	0.048889
-4.550000	0.046543
-4.540000	0.044214
-4.530000	0.041907
-4.520000	0.039629
-4.510000	0.037385
-4.500000	0.035180
-4.490000	0.033020
-4.480000	0.030909
-4.470000	0.028850
-4.460000	0.026849
-4.450000	0.024908
-4.440000	0.023032
-4.430000	0.021224
-4.420000	0.019486
-4.410000	0.017821
-4.400000	0.016231
-4.390000	0.014720
-4.380000	0.013289
-4.370000	0.011939
-4.360000	0.010672
-4.350000	0.009491
-4.340000	0.008395
-4.330000	0.007387
-4.320000	0.006466
-4.310000	0.005633
-4.300000	0.004890
-4.290000	0.004236
-4.280000	0.003672
-4.270000	0.003197
-4.260000	0.002812
-4.250000	0.002516
-4.240000	0.002309
-4.230000	0.002190
-4.220000	0.002160
-4.210000	0.002216
-4.200000	0.002359
-4.190000	0.002587
-4.180000	0.002900
-4.170000	0.003296
-4.160000	0.003774
-4.150000	0.004332
-4.140000	0.004970
-4.130000	0.005686
-4.120000	0.006479
-4.110000	0.007346
-4.100000	0.008287
-4.090000	0.009299
-4.080000	0.010381
-4.070000	0.011530
-4.060000	0.012746
-4.050000	0.014026
-4.040000	0.015368
-4.030000	0.016770
-4.020000	0.018230
-4.010000	0.019747
-4.000000	0.021317
-3.990000	0.022940
-3.980000	0.024612
-3.970000	0.026332
-3.960000	0.028098
-3.950000	0.029907
-3.940000	0.031757
-3.930000	0.033646
-3.920000	0.035572
-3.910000	0.037532
-3.900000	0.039525
-3.890000	0.041548
-3.880000	0.043599
-3.870000	0.045676
-3.860000	0.047776
-3.850000	0.049898
-3.840000	0.052039
-3.830000	0.054198
-3.820000	0.056371
-3.810000	0.058557
-3.800000	0.060754
-3.790000	0.062960
-3.780000	0.065172
-3.770000	0.067389
-3.760000	0.069609
-3.750000	0.071829
-3.740000	0.074048
-3.730000	0.076264
-3.720000	0.078475
-3.710000	0.080678
-3.700000	0.082873
-3.690000	0.085057
-3.680000	0.087229
-3.670000	0.089387
-3.660000	0.091529
-3.650000	0.093653
-3.640000	0.095758
-3.630000	0.097843
-3.620000	0.099905
-3.610000	0.101944
-3.600000	0.103958
-3.590000	0.105944
-3.580000	0.107903
-3.570000	0.109833
-3.560000	0.111732
-3.550000	0.113599
-3.540000	0.115433
-3.530000	0.117232
-3.520000	0.118996
-3.510000	0.120724
-3.500000	0.122414
-3.490000	0.124066
-3.480000	0.125678
-3.470000	0.127250
-3.460000	0.128780
-3.450000	0.130269
-3.440000	0.131714
-3.430000	0.133116
-3.420000	0.134474
-3.410000	0.135786
-3.400000	0.137054
-3.390000	0.138275
-3.380000	0.139449
-3.370000	0.140577
-3.360000	0.141657
-3.350000	0.142689
-3.340000	0.143674
-3.330000	0.144609
-3.320000	0.145496
-3.310000	0.146334
-3.300000	0.147123
-3.290000	0.147863
-3.280000	0.148554
-3.270000	0.149195
-3.260000	0.149787
-3.250000	0.150329
-3.240000	0.150823
-3.230000	0.151267
-3.220000	0.151663
-3.210000	0.152010
-3.200000	0.152308
-3.190000	0.152558
-3.180000	0.152760
-3.170000	0.152915
-3.160000	0.153023
-3.150000	0.153084
-3.140000	0.153098
-3.130000	0.153067
-3.120000	0.152991
-3.110000	0.152870
-3.100000	0.152705
-3.090000	0.152496
-3.080000	0.152245
-3.070000	0.151951
-3.060000	0.151616
-3.050000	0.151240
-3.040000	0.150825
-3.030000	0.150370
-3.020000	0.149877
-3.010000	0.149347
-3.000000	0.148780
-2.990000	0.148177
-2.980000	0.147540
-2.970000	0.146869
-2.960000	0.146165
-2.950000	0.145429
-2.940000	0.144662
-2.930000	0.143866
-2.920000	0.143041
-2.910000	0.142189
-2.900000	0.141310
-2.890000	0.140406
-2.880000	0.139477
-2.870000	0.138525
-2.860000	0.137552
-2.850000	0.136558
-2.840000	0.135544
-2.830000	0.134512
-2.820000	0.133463
-2.810000	0.132398
-2.800000	0.131319
-2.790000	0.130226
-2.780000	0.129121
-2.770000	0.128006
-2.760000	0.126881
-2.750000	0.125748
-2.740000	0.124608
-2.730000	0.123462
-2.720000	0.122313
-2.710000	0.121160
-2.700000	0.120006
-2.690000	0.118852
-2.680000	0.117699
-2.670000	0.116548
-2.660000	0.115401
-2.650000	0.114260
-2.640000	0.113125
-2.630000	0.111998
-2.620000	0.110880
-2.610000	0.109772
-2.600000	0.108677
-2.590000	0.107595
-2.580000	0.106527
-2.570000	0.105476
-2.560000	0.104441
-2.550000	0.103426
-2.540000	0.102430
-2.530000	0.101455
-2.520000	0.100503
-2.510000	0.099575
-2.500000	0.098673
-2.490000	0.097796
-2.480000	0.096947
-2.470000	0.096128
-2.460000	0.095338
-2.450000	0.094581
-2.440000	0.093856
-2.430000	0.093164
-2.420000	0.092509
-2.410000	0.091889
-2.400000	0.091307
-2.390000	0.090764
-2.380000	0.090261
-2.370000	0.089799
-2.360000	0.089379
-2.350000	0.089002
-2.340000	0.088670
-2.330000	0.088384
-2.320000	0.088144
-2.310000	0.087952
-2.300000	0.087808
-2.290000	0.087714
-2.280000	0.087671
-2.270000	0.087680
-2.260000	0.087741
-2.250000	0.087856
-2.240000	0.088025
-2.230000	0.088250
-2.220000	0.088532
-2.210000	0.088870
-2.200000	0.089266
-2.190000	0.089722
-2.180000	0.090237
-2.170000	0.090812
-2.160000	0.091449
-2.150000	0.092147
-2.140000	0.092908
-2.130000	0.093733
-2.120000	0.094621
-2.110000	0.095574
-2.100000	0.096593
-2.090000	0.097677
-2.080000	0.098828
-2.070000	0.100046
-2.060000	0.101331
-2.050000	0.102684
-2.040000	0.104106
-2.030000	0.105596
-2.020000	0.107156
-2.010000	0.108786
-2.000000	0.110486
-1.990000	0.112256
-1.980000	0.114098
-1.970000	0.116010
-1.960000	0.117994
-1.950000	0.120049
-1.940000	0.122177
-1.930000	0.124376
-1.920000	0.126648
-1.910000	0.128992
-1.900000	0.131408
-1.890000	0.133897
-1.880000	0.136459
-1.870000	0.139094
-1.860000	0.141801
-1.850000	0.144581
-1.840000	0.147434
-1.830000	0.150359
-1.820000	0.153357
-1.810000	0.156427
-1.800000	0.159570
-1.790000	0.162785
-1.780000	0.166072
-1.770000	0.169430
-1.760000	0.172860
-1.750000	0.176361
-1.740000	0.179934
-1.730000	0.183577
-1.720000	0.187290
-1.710000	0.191073
-1.700000	0.194926
-1.690000	0.198848
-1.680000	0.202838
-1.670000	0.206897
-1.660000	0.211024
-1.650000	0.215218
-1.640000	0.219478
-1.630000	0.223805
-1.620000	0.228198
-1.610000	0.232655
-1.600000	0.237177
-1.590000	0.241762
-1.580000	0.246411
-1.570000	0.251122
-1.560000	0.255894
-1.550000	0.260728
-1.540000	0.265622
-1.530000	0.270575
-1.520000	0.275586
-1.510000	0.280656
-1.500000	0.285782
-1.490000	0.290964
-1.480000	0.296202
-1.470000	0.301494
-1.460000	0.306839
-1.450000	0.312236
-1.440000	0.317685
-1.430000	0.323185
-1.420000	0.328734
-1.410000	0.334331
-1.400000	0.339976
-1.390000	0.345667
-1.380000	0.351404
-1.370000	0.357185
-1.360000	0.363009
-1.350000	0.368875
-1.340000	0.374782
-1.330000	0.380728
-1.320000	0.386714
-1.310000	0.392736
-1.300000	0.398795
-1.290000	0.404889
-1.280000	0.411017
-1.270000	0.417178
-1.260000	0.423369
-1.250000	0.429591
-1.240000	0.435842
-1.230000	0.442120
-1.220000	0.448424
-1.210000	0.454754
-1.200000	0.461107
-1.190000	0.467482
-1.180000	0.473879
-1.170000	0.480294
-1.160000	0.486729
-1.150000	0.493180
-1.140000	0.499647
-1.130000	0.506128
-1.120000	0.512622
-1.110000	0.519127
-1.100000	0.525642
-1.090000	0.532166
-1.080000	0.538697
-1.070000	0.545234
-1.060000	0.551776
-1.050000	0.558320
-1.040000	0.564866
-1.030000	0.571412
-1.020000	0.577956
-1.010000	0.584498
-1.000000	0.591036
-0.990000	0.597568
-0.980000	0.604093
-0.970000	0.610609
-0.960000	0.617116
-0.950000	0.623611
-0.940000	0.630093
-0.930000	0.636561
-0.920000	0.643013
-0.910000	0.649448
-0.900000	0.655864
-0.890000	0.662260
-0.880000	0.668635
-0.870000	0.674987
-0.860000	0.681314
-0.850000	0.687615
-0.840000	0.693889
-0.830000	0.700135
-0.820000	0.706350
-0.810000	0.712534
-0.800000	0.718685
-0.790000	0.724802
-0.780000	0.730882
-0.770000	0.736926
-0.760000	0.742931
-0.750000	0.748897
-0.740000	0.754821
-0.730000	0.760703
-0.720000	0.766540
-0.710000	0.772333
-0.700000	0.778078
-0.690000	0.783776
-0.680000	0.789425
-0.670000	0.795023
-0.660000	0.800569
-0.650000	0.806062
-0.640000	0.811501
-0.630000	0.816883
-0.620000	0.822210
-0.610000	0.827477
-0.600000	0.832686
-0.590000	0.837834
-0.580000	0.842920
-0.570000	0.847943
-0.560000	0.852902
-0.550000	0.857796
-0.540000	0.862624
-0.530000	0.867384
-0.520000	0.872075
-0.510000	0.876696
-0.500000	0.881247
-0.490000	0.885726
-0.480000	0.890131
-0.470000	0.894463
-0.460000	0.898720
-0.450000	0.902901
-0.440000	0.907005
-0.430000	0.911031
-0.420000	0.914978
-0.410000	0.918845
-0.400000	0.922632
-0.390000	0.926337
-0.380000	0.929960
-0.370000	0.933499
-0.360000	0.936954
-0.350000	0.940325
-0.340000	0.943609
-0.330000	0.946807
-0.320000	0.949918
-0.310000	0.952941
-0.300000	0.955875
-0.290000	0.958719
-0.280000	0.961474
-0.270000	0.964138
-0.260000	0.966710
-0.250000	0.969191
-0.240000	0.971579
-0.230000	0.973873
-0.220000	0.976075
-0.210000	0.978182
-0.200000	0.980194
-0.190000	0.982112
-0.180000	0.983933
-0.170000	0.985659
-0.160000	0.987288
-0.150000	0.988821
-0.140000	0.990256
-0.130000	0.991594
-0.120000	0.992834
-0.110000	0.993976
-0.100000	0.995019
-0.090000	0.995964
-0.080000	0.996810
-0.070000	0.997557
-0.060000	0.998205
-0.050000	0.998753
-0.040000	0.999202
-0.030000	0.999551
-0.020000	0.999800
-0.010000	0.999950
-0.000000	1.000000
0.010000	0.999950
0.020000	0.999800
0.030000	0.999551
0.040000	0.999202
0.050000	0.998753
0.060000	0.998205
0.070000	0.997557
0.080000	0.996810
0.090000	0.995964
0.100000	0.995019
0.110000	0.993976
0.120000	0.992834
0.130000	0.991594
0.140000	0.990256
0.150000	0.988821
0.160000	0.987288
0.170000	0.985659
0.180000	0.983933
0.190000	0.982112
0.200000	0.980194
0.210000	0.978182
0.220000	0.976075
0.230000	0.973874
0.240000	0.971579
0.250000	0.969191
0.260000	0.966710
0.270000	0.964138
0.280000	0.961474
0.290000	0.958719
0.300000	0.955875
0.310000	0.952941
0.320000	0.949918
0.330000	0.946807
0.340000	0.943609
0.350000	0.940325
0.360000	0.936955
0.370000	0.933499
0.380000	0.929960
0.390000	0.926338
0.400000	0.922632
0.410000	0.918846
0.420000	0.914978
0.430000	0.911031
0.440000	0.907005
0.450000	0.902901
0.460000	0.898720
0.470000	0.894464
0.480000	0.890132
0.490000	0.885726
0.500000	0.881247
0.510000	0.876697
0.520000	0.872075
0.530000	0.867384
0.540000	0.862624
0.550000	0.857797
0.560000	0.852903
0.570000	0.847944
0.580000	0.842921
0.590000	0.837834
0.600000	0.832686
0.610000	0.827478
0.620000	0.822210
0.630000	0.816884
0.640000	0.811501
0.650000	0.806062
0.660000	0.800569
0.670000	0.795023
0.680000	0.789425
0.690000	0.783777
0.700000	0.778079
0.710000	0.772333
0.720000	0.766541
0.730000	0.760703
0.740000	0.754822
0.750000	0.748897
0.760000	0.742932
0.770000	0.736927
0.780000	0.730883
0.790000	0.724802
0.800000	0.718685
0.810000	0.712535
0.820000	0.706351
0.830000	0.700135
0.840000	0.693890
0.850000	0.687616
0.860000	0.681314
0.870000	0.674987
0.880000	0.668635
0.890000	0.662261
0.900000	0.655865
0.910000	0.649448
0.920000	0.643014
0.930000	0.636561
0.940000	0.630094
0.950000	0.623611
0.960000	0.617116
0.970000	0.610610
0.980000	0.604094
0.990000	0.597569
1.000000	0.591036
1.010000	0.584499
1.020000	0.577957
1.030000	0.571412
1.040000	0.564866
1.050000	0.558320
1.060000	0.551776
1.070000	0.545235
1.080000	0.538698
1.090000	0.532167
1.100000	0.525643
1.110000	0.519127
1.120000	0.512622
1.130000	0.506128
1.140000	0.499647
1.150000	0.493181
1.160000	0.486729
1.170000	0.480295
1.180000	0.473879
1.190000	0.467483
1.200000	0.461107
1.210000	0.454754
1.220000	0.448425
1.230000	0.442120
1.240000	0.435842
1.250000	0.429592
1.260000	0.423370
1.270000	0.417178
1.280000	0.411018
1.290000	0.404890
1.300000	0.398796
1.310000	0.392737
1.320000	0.386714
1.330000	0.380729
1.340000	0.374782
1.350000	0.368875
1.360000	0.363009
1.370000	0.357185
1.380000	0.351404
1.390000	0.345668
1.400000	0.339977
1.410000	0.334332
1.420000	0.328734
1.430000	0.323185
1.440000	0.317686
1.450000	0.312237
1.460000	0.306839
1.470000	0.301494
1.480000	0.296202
1.490000	0.290965
1.500000	0.285782
1.510000	0.280656
1.520000	0.275587
1.530000	0.270575
1.540000	0.265622
1.550000	0.260728
1.560000	0.255895
1.570000	0.251122
1.580000	0.246411
1.590000	0.241763
1.600000	0.237177
1.610000	0.232655
1.620000	0.228198
1.630000	0.223806
1.640000	0.219479
1.650000	0.215218
1.660000	0.211024
1.670000	0.206897
1.680000	0.202839
1.690000	0.198848
1.700000	0.194926
1.710000	0.191073
1.720000	0.187290
1.730000	0.183577
1.740000	0.179934
1.750000	0.176362
1.760000	0.172860
1.770000	0.169430
1.780000	0.166072
1.790000	0.162785
1.800000	0.159570
1.810000	0.156427
1.820000	0.153357
1.830000	0.150359
1.840000	0.147434
1.850000	0.144581
1.860000	0.141801
1.870000	0.139094
1.880000	0.136459
1.890000	0.133897
1.900000	0.131408
1.910000	0.128992
1.920000	0.126648
1.930000	0.124376
1.940000	0.122177
1.950000	0.120049
1.960000	0.117994
1.970000	0.116010
1.980000	0.114098
1.990000	0.112256
2.000000	0.110486
2.010000	0.108786
2.020000	0.107156
2.030000	0.105596
2.040000	0.104106
2.050000	0.102684
2.060000	0.101331
2.070000	0.100045
2.080000	0.098828
2.090000	0.097677
2.100000	0.096593
2.110000	0.095574
2.120000	0.094621
2.130000	0.093733
2.140000	0.092908
2.150000	0.092147
2.160000	0.091448
2.170000	0.090812
2.180000	0.090236
2.190000	0.089722
2.200000	0.089266
2.210000	0.088870
2.220000	0.088531
2.230000	0.088250
2.240000	0.088025
2.250000	0.087856
2.260000	0.087741
2.270000	0.087680
2.280000	0.087671
2.290000	0.087714
2.300000	0.087808
2.310000	0.087952
2.320000	0.088144
2.330000	0.088384
2.340000	0.088670
2.350000	0.089002
2.360000	0.089379
2.370000	0.089799
2.380000	0.090261
2.390000	0.090764
2.400000	0.091307
2.410000	0.091889
2.420000	0.092508
2.430000	0.093164
2.440000	0.093855
2.450000	0.094580
2.460000	0.095338
2.470000	0.096128
2.480000	0.096947
2.490000	0.097796
2.500000	0.098672
2.510000	0.099575
2.520000	0.100503
2.530000	0.101455
2.540000	0.102430
2.550000	0.103425
2.560000	0.104441
2.570000	0.105475
2.580000	0.106527
2.590000	0.107594
2.600000	0.108677
2.610000	0.109772
2.620000	0.110879
2.630000	0.111997
2.640000	0.113124
2.650000	0.114259
2.660000	0.115401
2.670000	0.116548
2.680000	0.117698
2.690000	0.118852
2.700000	0.120006
2.710000	0.121160
2.720000	0.122312
2.730000	0.123462
2.740000	0.124608
2.750000	0.125747
2.760000	0.126881
2.770000	0.128006
2.780000	0.129121
2.790000	0.130226
2.800000	0.131319
2.810000	0.132398
2.820000	0.133463
2.830000	0.134512
2.840000	0.135544
2.850000	0.136558
2.860000	0.137552
2.870000	0.138525
2.880000	0.139477
2.890000	0.140405
2.900000	0.141310
2.910000	0.142189
2.920000	0.143041
2.930000	0.143866
2.940000	0.144662
2.950000	0.145429
2.960000	0.146164
2.970000	0.146868
2.980000	0.147539
2.990000	0.148177
3.000000	0.148779
3.010000	0.149346
3.020000	0.149877
3.030000	0.150370
3.040000	0.150825
3.050000	0.151240
3.060000	0.151616
3.070000	0.151951
3.080000	0.152245
3.090000	0.152496
3.100000	0.152705
3.110000	0.152870
3.120000	0.152991
3.130000	0.153067
3.140000	0.153098
3.150000	0.153084
3.160000	0.153023
3.170000	0.152915
3.180000	0.152760
3.190000	0.152558
3.200000	0.152308
3.210000	0.152009
3.220000	0.151663
3.230000	0.151267
3.240000	0.150823
3.250000	0.150329
3.260000	0.149787
3.270000	0.149195
3.280000	0.148554
3.290000	0.147863
3.300000	0.147123
3.310000	0.146334
3.320000	0.145496
3.330000	0.144609
3.340000	0.143674
3.350000	0.142689
3.360000	0.141657
3.370000	0.140577
3.380000	0.139449
3.390000	0.138275
3.400000	0.137054
3.410000	0.135786
3.420000	0.134474
3.430000	0.133116
3.440000	0.131714
3.450000	0.130269
3.460000	0.128780
3.470000	0.127250
3.480000	0.125678
3.490000	0.124066
3.500000	0.122414
3.510000	0.120724
3.520000	0.118997
3.530000	0.117232
3.540000	0.115433
3.550000	0.113599
3.560000	0.111732
3.570000	0.109833
3.580000	0.107903
3.590000	0.105945
3.600000	0.103958
3.610000	0.101944
3.620000	0.099906
3.630000	0.097843
3.640000	0.095758
3.650000	0.093653
3.660000	0.091529
3.670000	0.089387
3.680000	0.087229
3.690000	0.085057
3.700000	0.082873
3.710000	0.080678
3.720000	0.078475
3.730000	0.076264
3.740000	0.074048
3.750000	0.071829
3.760000	0.069609
3.770000	0.067389
3.780000	0.065172
3.790000	0.062960
3.800000	0.060754
3.810000	0.058557
3.820000	0.056371
3.830000	0.054198
3.840000	0.052039
3.850000	0.049898
3.860000	0.047776
3.870000	0.045676
3.880000	0.043599
3.890000	0.041548
3.900000	0.039525
3.910000	0.037532
3.920000	0.035572
3.930000	0.033646
3.940000	0.031757
3.950000	0.029907
3.960000	0.028098
3.970000	0.026332
3.980000	0.024612
3.990000	0.022940
4.000000	0.021317
4.010000	0.019747
4.020000	0.018230
4.030000	0.016770
4.040000	0.015368
4.050000	0.014026
4.060000	0.012746
4.070000	0.011530
4.080000	0.010381
4.090000	0.009299
4.100000	0.008287
4.110000	0.007346
4.120000	0.006479
4.130000	0.005687
4.140000	0.004971
4.150000	0.004332
4.160000	0.003774
4.170000	0.003296
4.180000	0.002900
4.190000	0.002587
4.200000	0.002359
4.210000	0.002216
4.220000	0.002160
4.230000	0.002190
4.240000	0.002309
4.250000	0.002516
4.260000	0.002812
4.270000	0.003197
4.280000	0.003672
4.290000	0.004236
4.300000	0.004890
4.310000	0.005633
4.320000	0.006466
4.330000	0.007387
4.340000	0.008395
4.350000	0.009491
4.360000	0.010672
4.370000	0.011939
4.380000	0.013289
4.390000	0.014720
4.400000	0.016231
4.410000	0.017821
4.420000	0.019485
4.430000	0.021224
4.440000	0.023032
4.450000	0.024908
4.460000	0.026849
4.470000	0.028850
4.480000	0.030908
4.490000	0.033020
4.500000	0.035180
4.510000	0.037385
4.520000	0.039629
4.530000	0.041907
4.540000	0.044214
4.550000	0.046543
4.560000	0.048889
4.570000	0.051245
4.580000	0.053604
4.590000	0.055959
4.600000	0.058303
4.610000	0.060626
4.620000	0.062921
4.630000	0.065179
4.640000	0.067390
4.650000	0.069546
4.660000	0.071634
4.670000	0.073646
4.680000	0.075570
4.690000	0.077394
4.700000	0.079107
4.710000	0.080695
4.720000	0.082146
4.730000	0.083446
4.740000	0.084580
4.750000	0.085535
4.760000	0.086294
4.770000	0.086842
4.780000	0.087163
4.790000	0.087239
4.800000	0.087052
4.810000	0.086585
4.820000	0.085818
4.830000	0.084731
4.840000	0.083304
4.850000	0.081516
4.860000	0.079345
4.870000	0.076769
4.880000	0.073764
4.890000	0.070306
4.900000	0.066371
4.910000	0.061932
4.920000	0.056963
4.930000	0.051437
4.940000	0.045325
4.950000	0.038599
4.960000	0.031229
4.970000	0.023184
4.980000	0.014431
4.990000	0.004939
5.000000	-0.005327


-5.000000	0.035265
-4.990000	0.036909
-4.980000	0.038312
-4.970000	0.039497
-4.960000	0.040485
-4.950000	0.041296
-4.940000	0.041948
-4.930000	0.042459
-4.920000	0.042845
-4.910000	0.043121
-4.900000	0.043300
-4.890000	0.043396
-4.880000	0.043421
-4.870000	0.043385
-4.860000	0.043298
-4.850000	0.043170
-4.840000	0.043010
-4.830000	0.042825
-4.820000	0.042622
-4.810000	0.042408
-4.800000	0.042188
-4.790000	0.041968
-4.780000	0.041752
-4.770000	0.041545
-4.760000	0.041349
-4.750000	0.041170
-4.740000	0.041008
-4.730000	0.040867
-4.720000	0.040748
-4.710000	0.040654
-4.700000	0.040585
-4.690000	0.040543
-4.680000	0.040529
-4.670000	0.040542
-4.660000	0.040584
-4.650000	0.040655
-4.640000	0.040753
-4.630000	0.040880
-4.620000	0.041035
-4.610000	0.041216
-4.600000	0.041424
-4.590000	0.041658
-4.580000	0.041916
-4.570000	0.042197
-4.560000	0.042502
-4.550000	0.042827
-4.540000	0.043173
-4.530000	0.043537
-4.520000	0.043919
-4.510000	0.044318
-4.500000	0.044731
-4.490000	0.045158
-4.480000	0.045596
-4.470000	0.046046
-4.460000	0.046505
-4.450000	0.046972
-4.440000	0.047445
-4.430000	0.047924
-4.420000	0.048408
-4.410000	0.048893
-4.400000	0.049381
-4.390000	0.049869
-4.380000	0.050356
-4.370000	0.050841
-4.360000	0.051323
-4.350000	0.051802
-4.340000	0.052275
-4.330000	0.052743
-4.320000	0.053204
-4.310000	0.053657
-4.300000	0.054102
-4.290000	0.054538
-4.280000	0.054965
-4.270000	0.055381
-4.260000	0.055787
-4.250000	0.056181
-4.240000	0.056563
-4.230000	0.056934
-4.220000	0.057292
-4.210000	0.057637
-4.200000	0.057970
-4.190000	0.058289
-4.180000	0.058595
-4.170000	0.058888
-4.160000	0.059168
-4.150000	0.059434
-4.140000	0.059687
-4.130000	0.059927
-4.120000	0.060154
-4.110000	0.060368
-4.100000	0.060570
-4.090000	0.060759
-4.080000	0.060937
-4.070000	0.061102
-4.060000	0.061257
-4.050000	0.061400
-4.040000	0.061534
-4.030000	0.061657
-4.020000	0.061770
-4.010000	0.061875
-4.000000	0.061971
-3.990000	0.062060
-3.980000	0.062140
-3.970000	0.062215
-3.960000	0.062283
-3.950000	0.062345
-3.940000	0.062402
-3.930000	0.062455
-3.920000	0.062505
-3.910000	0.062551
-3.900000	0.062596
-3.890000	0.062638
-3.880000	0.062679
-3.870000	0.062720
-3.860000	0.062762
-3.850000	0.062804
-3.840000	0.062848
-3.830000	0.062894
-3.820000	0.062943
-3.810000	0.062996
-3.800000	0.063052
-3.790000	0.063114
-3.780000	0.063181
-3.770000	0.063254
-3.760000	0.063334
-3.750000	0.063421
-3.740000	0.063516
-3.730000	0.063619
-3.720000	0.063731
-3.710000	0.063852
-3.700000	0.063984
-3.690000	0.064125
-3.680000	0.064278
-3.670000	0.064441
-3.660000	0.064617
-3.650000	0.064804
-3.640000	0.065004
-3.630000	0.065217
-3.620000	0.065443
-3.610000	0.065683
-3.600000	0.065936
-3.590000	0.066204
-3.580000	0.066486
-3.570000	0.066782
-3.560000	0.067093
-3.550000	0.067419
-3.540000	0.067761
-3.530000	0.068117
-3.520000	0.068489
-3.510000	0.068877
-3.500000	0.069280
-3.490000	0.069698
-3.480000	0.070132
-3.470000	0.070582
-3.460000	0.071048
-3.450000	0.071529
-3.440000	0.072025
-3.430000	0.072537
-3.420000	0.073065
-3.410000	0.073607
-3.400000	0.074165
-3.390000	0.074737
-3.380000	0.075325
-3.370000	0.075926
-3.360000	0.076542
-3.350000	0.077173
-3.340000	0.077817
-3.330000	0.078474
-3.320000	0.079145
-3.310000	0.079829
-3.300000	0.080525
-3.290000	0.081234
-3.280000	0.081955
-3.270000	0.082688
-3.260000	0.083431
-3.250000	0.084186
-3.240000	0.084951
-3.230000	0.085727
-3.220000	0.086512
-3.210000	0.087306
-3.200000	0.088109
-3.190000	0.088921
-3.180000	0.089741
-3.170000	0.090568
-3.160000	0.091402
-3.150000	0.092243
-3.140000	0.093091
-3.130000	0.093944
-3.120000	0.094802
-3.110000	0.095666
-3.100000	0.096533
-3.090000	0.097405
-3.080000	0.098280
-3.070000	0.099158
-3.060000	0.100039
-3.050000	0.100921
-3.040000	0.101806
-3.030000	0.102691
-3.020000	0.103578
-3.010000	0.104464
-3.000000	0.105351
-2.990000	0.106237
-2.980000	0.107122
-2.970000	0.108006
-2.960000	0.108889
-2.950000	0.109769
-2.940000	0.110646
-2.930000	0.111521
-2.920000	0.112392
-2.910000	0.113260
-2.900000	0.114125
-2.890000	0.114984
-2.880000	0.115840
-2.870000	0.116690
-2.860000	0.117536
-2.850000	0.118376
-2.840000	0.119211
-2.830000	0.120040
-2.820000	0.120862
-2.810000	0.121679
-2.800000	0.122489
-2.790000	0.123293
-2.780000	0.124090
-2.770000	0.124880
-2.760000	0.125663
-2.750000	0.126439
-2.740000	0.127208
-2.730000	0.127969
-2.720000	0.128724
-2.710000	0.129471
-2.700000	0.130211
-2.690000	0.130944
-2.680000	0.131669
-2.670000	0.132388
-2.660000	0.133099
-2.650000	0.133804
-2.640000	0.134501
-2.630000	0.135192
-2.620000	0.135876
-2.610000	0.136554
-2.600000	0.137226
-2.590000	0.137892
-2.580000	0.138552
-2.570000	0.139207
-2.560000	0.139856
-2.550000	0.140501
-2.540000	0.141141
-2.530000	0.141777
-2.520000	0.142409
-2.510000	0.143037
-2.500000	0.143663
-2.490000	0.144285
-2.480000	0.144906
-2.470000	0.145524
-2.460000	0.146142
-2.450000	0.146758
-2.440000	0.147374
-2.430000	0.147990
-2.420000	0.148607
-2.410000	0.149225
-2.400000	0.149845
-2.390000	0.150467
-2.380000	0.151093
-2.370000	0.151722
-2.360000	0.152355
-2.350000	0.152993
-2.340000	0.153636
-2.330000	0.154286
-2.320000	0.154943
-2.310000	0.155607
-2.300000	0.156279
-2.290000	0.156961
-2.280000	0.157652
-2.270000	0.158353
-2.260000	0.159066
-2.250000	0.159791
-2.240000	0.160528
-2.230000	0.161279
-2.220000	0.162044
-2.210000	0.162825
-2.200000	0.163621
-2.190000	0.164433
-2.180000	0.165264
-2.170000	0.166112
-2.160000	0.166980
-2.150000	0.167867
-2.140000	0.168775
-2.130000	0.169705
-2.120000	0.170657
-2.110000	0.171632
-2.100000	0.172632
-2.090000	0.173656
-2.080000	0.174706
-2.070000	0.175782
-2.060000	0.176885
-2.050000	0.178017
-2.040000	0.179178
-2.030000	0.180368
-2.020000	0.181589
-2.010000	0.182842
-2.000000	0.184126
-1.990000	0.185444
-1.980000	0.186795
-1.970000	0.188181
-1.960000	0.189602
-1.950000	0.191059
-1.940000	0.192553
-1.930000	0.194084
-1.920000	0.195654
-1.910000	0.197263
-1.900000	0.198912
-1.890000	0.200600
-1.880000	0.202330
-1.870000	0.204102
-1.860000	0.205916
-1.850000	0.207773
-1.840000	0.209674
-1.830000	0.211620
-1.820000	0.213610
-1.810000	0.215645
-1.800000	0.217727
-1.790000	0.219855
-1.780000	0.222030
-1.770000	0.224253
-1.760000	0.226524
-1.750000	0.228844
-1.740000	0.231212
-1.730000	0.233630
-1.720000	0.236098
-1.710000	0.238616
-1.700000	0.241185
-1.690000	0.243805
-1.680000	0.246476
-1.670000	0.249198
-1.660000	0.251973
-1.650000	0.254800
-1.640000	0.257678
-1.630000	0.260610
-1.620000	0.263594
-1.610000	0.266631
-1.600000	0.269721
-1.590000	0.272865
-1.580000	0.276061
-1.570000	0.279311
-1.560000	0.282614
-1.550000	0.285970
-1.540000	0.289380
-1.530000	0.292843
-1.520000	0.296359
-1.510000	0.299928
-1.500000	0.303550
-1.490000	0.307225
-1.480000	0.310953
-1.470000	0.314732
-1.460000	0.318564
-1.450000	0.322448
-1.440000	0.326384
-1.430000	0.330370
-1.420000	0.334408
-1.410000	0.338496
-1.400000	0.342634
-1.390000	0.346823
-1.380000	0.351060
-1.370000	0.355346
-1.360000	0.359680
-1.350000	0.364062
-1.340000	0.368492
-1.330000	0.372968
-1.320000	0.377489
-1.310000	0.382056
-1.300000	0.386668
-1.290000	0.391324
-1.280000	0.396023
-1.270000	0.400764
-1.260000	0.405547
-1.250000	0.410371
-1.240000	0.415235
-1.230000	0.420138
-1.220000	0.425080
-1.210000	0.430059
-1.200000	0.435074
-1.190000	0.440125
-1.180000	0.445211
-1.170000	0.450330
-1.160000	0.455482
-1.150000	0.460665
-1.140000	0.465878
-1.130000	0.471121
-1.120000	0.476393
-1.110000	0.481691
-1.100000	0.487015
-1.090000	0.492365
-1.080000	0.497737
-1.070000	0.503132
-1.060000	0.508549
-1.050000	0.513985
-1.040000	0.519440
-1.030000	0.524912
-1.020000	0.530401
-1.010000	0.535904
-1.000000	0.541420
-0.990000	0.546949
-0.980000	0.552488
-0.970000	0.558037
-0.960000	0.563594
-0.950000	0.569157
-0.940000	0.574725
-0.930000	0.580298
-0.920000	0.585872
-0.910000	0.591447
-0.900000	0.597022
-0.890000	0.602594
-0.880000	0.608163
-0.870000	0.613727
-0.860000	0.619284
-0.850000	0.624833
-0.840000	0.630373
-0.830000	0.635901
-0.820000	0.641417
-0.810000	0.646919
-0.800000	0.652405
-0.790000	0.657874
-0.780000	0.663324
-0.770000	0.668754
-0.760000	0.674161
-0.750000	0.679546
-0.740000	0.684906
-0.730000	0.690239
-0.720000	0.695544
-0.710000	0.700820
-0.700000	0.706065
-0.690000	0.711277
-0.680000	0.716455
-0.670000	0.721597
-0.660000	0.726702
-0.650000	0.731769
-0.640000	0.736795
-0.630000	0.741780
-0.620000	0.746721
-0.610000	0.751618
-0.600000	0.756469
-0.590000	0.761272
-0.580000	0.766025
-0.570000	0.770729
-0.560000	0.775380
-0.550000	0.779978
-0.540000	0.784522
-0.530000	0.789009
-0.520000	0.793439
-0.510000	0.797809
-0.500000	0.802120
-0.490000	0.806368
-0.480000	0.810554
-0.470000	0.814676
-0.460000	0.818732
-0.450000	0.822721
-0.440000	0.826642
-0.430000	0.830494
-0.420000	0.834275
-0.410000	0.837985
-0.400000	0.841622
-0.390000	0.845184
-0.380000	0.848672
-0.370000	0.852083
-0.360000	0.855417
-0.350000	0.858673
-0.340000	0.861849
-0.330000	0.864945
-0.320000	0.867959
-0.310000	0.870891
-0.300000	0.873739
-0.290000	0.876503
-0.280000	0.879182
-0.270000	0.881775
-0.260000	0.884282
-0.250000	0.886700
-0.240000	0.889030
-0.230000	0.891271
-0.220000	0.893422
-0.210000	0.895482
-0.200000	0.897451
-0.190000	0.899328
-0.180000	0.901112
-0.170000	0.902803
-0.160000	0.904401
-0.150000	0.905904
-0.140000	0.907313
-0.130000	0.908627
-0.120000	0.909845
-0.110000	0.910967
-0.100000	0.911993
-0.090000	0.912922
-0.080000	0.913754
-0.070000	0.914488
-0.060000	0.915126
-0.050000	0.915665
-0.040000	0.916107
-0.030000	0.916451
-0.020000	0.916696
-0.010000	0.916844
-0.000000	0.916893
0.010000	0.916844
0.020000	0.916696
0.030000	0.916451
0.040000	0.916107
0.050000	0.915665
0.060000	0.915126
0.070000	0.914488
0.080000	0.913754
0.090000	0.912921
0.100000	0.911992
0.110000	0.910967
0.120000	0.909845
0.130000	0.908627
0.140000	0.907313
0.150000	0.905904
0.160000	0.904401
0.170000	0.902803
0.180000	0.901112
0.190000	0.899327
0.200000	0.897451
0.210000	0.895482
0.220000	0.893421
0.230000	0.891271
0.240000	0.889030
0.250000	0.886700
0.260000	0.884281
0.270000	0.881775
0.280000	0.879182
0.290000	0.876503
0.300000	0.873739
0.310000	0.870891
0.320000	0.867959
0.330000	0.864945
0.340000	0.861849
0.350000	0.858673
0.360000	0.855417
0.370000	0.852083
0.380000	0.848672
0.390000	0.845184
0.400000	0.841621
0.410000	0.837985
0.420000	0.834275
0.430000	0.830494
0.440000	0.826642
0.450000	0.822721
0.460000	0.818731
0.470000	0.814675
0.480000	0.810554
0.490000	0.806368
0.500000	0.802119
0.510000	0.797809
0.520000	0.793438
0.530000	0.789009
0.540000	0.784521
0.550000	0.779978
0.560000	0.775380
0.570000	0.770728
0.580000	0.766025
0.590000	0.761271
0.600000	0.756468
0.610000	0.751618
0.620000	0.746721
0.630000	0.741779
0.640000	0.736795
0.650000	0.731768
0.660000	0.726702
0.670000	0.721597
0.680000	0.716454
0.690000	0.711276
0.700000	0.706064
0.710000	0.700820
0.720000	0.695544
0.730000	0.690239
0.740000	0.684905
0.750000	0.679546
0.760000	0.674161
0.770000	0.668753
0.780000	0.663323
0.790000	0.657873
0.800000	0.652404
0.810000	0.646918
0.820000	0.641417
0.830000	0.635901
0.840000	0.630372
0.850000	0.624833
0.860000	0.619284
0.870000	0.613726
0.880000	0.608163
0.890000	0.602594
0.900000	0.597021
0.910000	0.591447
0.920000	0.585872
0.930000	0.580297
0.940000	0.574725
0.950000	0.569157
0.960000	0.563594
0.970000	0.558037
0.980000	0.552488
0.990000	0.546949
1.000000	0.541420
1.010000	0.535904
1.020000	0.530400
1.030000	0.524912
1.040000	0.519440
1.050000	0.513985
1.060000	0.508549
1.070000	0.503132
1.080000	0.497737
1.090000	0.492364
1.100000	0.487015
1.110000	0.481691
1.120000	0.476393
1.130000	0.471121
1.140000	0.465878
1.150000	0.460665
1.160000	0.455482
1.170000	0.450330
1.180000	0.445211
1.190000	0.440125
1.200000	0.435074
1.210000	0.430059
1.220000	0.425080
1.230000	0.420138
1.240000	0.415235
1.250000	0.410371
1.260000	0.405547
1.270000	0.400764
1.280000	0.396023
1.290000	0.391324
1.300000	0.386668
1.310000	0.382057
1.320000	0.377489
1.330000	0.372968
1.340000	0.368492
1.350000	0.364063
1.360000	0.359680
1.370000	0.355346
1.380000	0.351060
1.390000	0.346823
1.400000	0.342635
1.410000	0.338496
1.420000	0.334408
1.430000	0.330370
1.440000	0.326384
1.450000	0.322448
1.460000	0.318564
1.470000	0.314732
1.480000	0.310953
1.490000	0.307225
1.500000	0.303550
1.510000	0.299928
1.520000	0.296359
1.530000	0.292843
1.540000	0.289380
1.550000	0.285971
1.560000	0.282614
1.570000	0.279311
1.580000	0.276061
1.590000	0.272865
1.600000	0.269722
1.610000	0.266632
1.620000	0.263594
1.630000	0.260610
1.640000	0.257679
1.650000	0.254800
1.660000	0.251973
1.670000	0.249199
1.680000	0.246476
1.690000	0.243805
1.700000	0.241185
1.710000	0.238617
1.720000	0.236098
1.730000	0.233630
1.740000	0.231212
1.750000	0.228844
1.760000	0.226524
1.770000	0.224253
1.780000	0.222030
1.790000	0.219855
1.800000	0.217727
1.810000	0.215645
1.820000	0.213610
1.830000	0.211620
1.840000	0.209675
1.850000	0.207774
1.860000	0.205916
1.870000	0.204102
1.880000	0.202331
1.890000	0.200601
1.900000	0.198912
1.910000	0.197263
1.920000	0.195654
1.930000	0.194085
1.940000	0.192553
1.950000	0.191059
1.960000	0.189602
1.970000	0.188181
1.980000	0.186795
1.990000	0.185444
2.000000	0.184126
2.010000	0.182842
2.020000	0.181589
2.030000	0.180368
2.040000	0.179178
2.050000	0.178017
2.060000	0.176886
2.070000	0.175782
2.080000	0.174706
2.090000	0.173656
2.100000	0.172632
2.110000	0.171632
2.120000	0.170657
2.130000	0.169705
2.140000	0.168775
2.150000	0.167867
2.160000	0.166980
2.170000	0.166112
2.180000	0.165264
2.190000	0.164434
2.200000	0.163621
2.210000	0.162825
2.220000	0.162044
2.230000	0.161279
2.240000	0.160528
2.250000	0.159791
2.260000	0.159066
2.270000	0.158353
2.280000	0.157652
2.290000	0.156961
2.300000	0.156279
2.310000	0.155607
2.320000	0.154943
2.330000	0.154286
2.340000	0.153636
2.350000	0.152993
2.360000	0.152355
2.370000	0.151722
2.380000	0.151093
2.390000	0.150467
2.400000	0.149845
2.410000	0.149225
2.420000	0.148607
2.430000	0.147990
2.440000	0.147374
2.450000	0.146758
2.460000	0.146141
2.470000	0.145524
2.480000	0.144906
2.490000	0.144285
2.500000	0.143662
2.510000	0.143037
2.520000	0.142409
2.530000	0.141777
2.540000	0.141141
2.550000	0.140501
2.560000	0.139856
2.570000	0.139207
2.580000	0.138552
2.590000	0.137892
2.600000	0.137226
2.610000	0.136554
2.620000	0.135876
2.630000	0.135192
2.640000	0.134501
2.650000	0.133803
2.660000	0.133099
2.670000	0.132388
2.680000	0.131669
2.690000	0.130944
2.700000	0.130211
2.710000	0.129471
2.720000	0.128724
2.730000	0.127969
2.740000	0.127208
2.750000	0.126439
2.760000	0.125663
2.770000	0.124880
2.780000	0.124090
2.790000	0.123293
2.800000	0.122489
2.810000	0.121679
2.820000	0.120862
2.830000	0.120040
2.840000	0.119211
2.850000	0.118376
2.860000	0.117536
2.870000	0.116690
2.880000	0.115840
2.890000	0.114984
2.900000	0.114124
2.910000	0.113260
2.920000	0.112392
2.930000	0.111521
2.940000	0.110646
2.950000	0.109769
2.960000	0.108888
2.970000	0.108006
2.980000	0.107122
2.990000	0.106237
3.000000	0.105351
3.010000	0.104464
3.020000	0.103578
3.030000	0.102691
3.040000	0.101806
3.050000	0.100921
3.060000	0.100039
3.070000	0.099158
3.080000	0.098280
3.090000	0.097405
3.100000	0.096533
3.110000	0.095666
3.120000	0.094802
3.130000	0.093944
3.140000	0.093091
3.150000	0.092244
3.160000	0.091402
3.170000	0.090568
3.180000	0.089741
3.190000	0.088921
3.200000	0.088109
3.210000	0.087306
3.220000	0.086512
3.230000	0.085727
3.240000	0.084951
3.250000	0.084186
3.260000	0.083431
3.270000	0.082688
3.280000	0.081955
3.290000	0.081234
3.300000	0.080526
3.310000	0.079829
3.320000	0.079145
3.330000	0.078474
3.340000	0.077817
3.350000	0.077173
3.360000	0.076543
3.370000	0.075927
3.380000	0.075325
3.390000	0.074737
3.400000	0.074165
3.410000	0.073607
3.420000	0.073065
3.430000	0.072537
3.440000	0.072025
3.450000	0.071529
3.460000	0.071048
3.470000	0.070582
3.480000	0.070132
3.490000	0.069698
3.500000	0.069280
3.510000	0.068877
3.520000	0.068489
3.530000	0.068117
3.540000	0.067761
3.550000	0.067419
3.560000	0.067093
3.570000	0.066782
3.580000	0.066486
3.590000	0.066204
3.600000	0.065936
3.610000	0.065683
3.620000	0.065443
3.630000	0.065217
3.640000	0.065004
3.650000	0.064804
3.660000	0.064617
3.670000	0.064441
3.680000	0.064278
3.690000	0.064125
3.700000	0.063984
3.710000	0.063852
3.720000	0.063731
3.730000	0.063619
3.740000	0.063516
3.750000	0.063421
3.760000	0.063334
3.770000	0.063254
3.780000	0.063181
3.790000	0.063114
3.800000	0.063052
3.810000	0.062996
3.820000	0.062943
3.830000	0.062894
3.840000	0.062848
3.850000	0.062804
3.860000	0.062762
3.870000	0.062720
3.880000	0.062679
3.890000	0.062638
3.900000	0.062595
3.910000	0.062551
3.920000	0.062505
3.930000	0.062455
3.940000	0.062402
3.950000	0.062345
3.960000	0.062282
3.970000	0.062214
3.980000	0.062140
3.990000	0.062059
4.000000	0.061971
4.010000	0.061875
4.020000	0.061770
4.030000	0.061657
4.040000	0.061533
4.050000	0.061400
4.060000	0.061257
4.070000	0.061102
4.080000	0.060936
4.090000	0.060759
4.100000	0.060570
4.110000	0.060368
4.120000	0.060154
4.130000	0.059927
4.140000	0.059687
4.150000	0.059434
4.160000	0.059167
4.170000	0.058888
4.180000	0.058595
4.190000	0.058289
4.200000	0.057970
4.210000	0.057637
4.220000	0.057292
4.230000	0.056934
4.240000	0.056563
4.250000	0.056181
4.260000	0.055787
4.270000	0.055381
4.280000	0.054965
4.290000	0.054538
4.300000	0.054102
4.310000	0.053657
4.320000	0.053204
4.330000	0.052743
4.340000	0.052275
4.350000	0.051802
4.360000	0.051323
4.370000	0.050841
4.380000	0.050356
4.390000	0.049869
4.400000	0.049381
4.410000	0.048893
4.420000	0.048408
4.430000	0.047925
4.440000	0.047446
4.450000	0.046972
4.460000	0.046505
4.470000	0.046046
4.480000	0.045596
4.490000	0.045158
4.500000	0.044731
4.510000	0.044318
4.520000	0.043919
4.530000	0.043537
4.540000	0.043173
4.550000	0.042827
4.560000	0.042502
4.570000	0.042197
4.580000	0.041916
4.590000	0.041658
4.600000	0.041424
4.610000	0.041216
4.620000	0.041035
4.630000	0.040880
4.640000	0.040753
4.650000	0.040655
4.660000	0.040584
4.670000	0.040542
4.680000	0.040529
4.690000	0.040543
4.700000	0.040585
4.710000	0.040654
4.720000	0.040748
4.730000	0.040867
4.740000	0.041008
4.750000	0.041170
4.760000	0.041349
4.770000	0.041545
4.780000	0.041752
4.790000	0.041968
4.800000	0.042188
4.810000	0.042408
4.820000	0.042622
4.830000	0.042825
4.840000	0.043010
4.850000	0.043170
4.860000	0.043298
4.870000	0.043384
4.880000	0.043421
4.890000	0.043396
4.900000	0.043300
4.910000	0.043121
4.920000	0.042845
4.930000	0.042459
4.940000	0.041948
4.950000	0.041296
4.960000	0.040485
4.970000	0.039497
4.980000	0.038312
4.990000	0.036909
5.000000	0.035265


-5.000000	0.044391
-4.990000	0.040036
-4.980000	0.036954
-4.970000	0.034929
-4.960000	0.033771
-4.950000	0.033312
-4.940000	0.033408
-4.930000	0.033931
-4.920000	0.034774
-4.910000	0.035843
-4.900000	0.037059
-4.890000	0.038357
-4.880000	0.039680
-4.870000	0.040985
-4.860000	0.042235
-4.850000	0.043401
-4.840000	0.044463
-4.830000	0.045406
-4.820000	0.046218
-4.810000	0.046895
-4.800000	0.047435
-4.790000	0.047838
-4.780000	0.048109
-4.770000	0.048254
-4.760000	0.048281
-4.750000	0.048200
-4.740000	0.048020
-4.730000	0.047754
-4.720000	0.047412
-4.710000	0.047006
-4.700000	0.046549
-4.690000	0.046052
-4.680000	0.045526
-4.670000	0.044983
-4.660000	0.044433
-4.650000	0.043887
-4.640000	0.043352
-4.630000	0.042838
-4.620000	0.042353
-4.610000	0.041904
-4.600000	0.041496
-4.590000	0.041136
-4.580000	0.040827
-4.570000	0.040575
-4.560000	0.040381
-4.550000	0.040248
-4.540000	0.040178
-4.530000	0.040172
-4.520000	0.040230
-4.510000	0.040352
-4.500000	0.040536
-4.490000	0.040782
-4.480000	0.041088
-4.470000	0.041451
-4.460000	0.041869
-4.450000	0.042339
-4.440000	0.042858
-4.430000	0.043421
-4.420000	0.044026
-4.410000	0.044667
-4.400000	0.045343
-4.390000	0.046047
-4.380000	0.046775
-4.370000	0.047525
-4.360000	0.048290
-4.350000	0.049068
-4.340000	0.049854
-4.330000	0.050643
-4.320000	0.051432
-4.310000	0.052217
-4.300000	0.052995
-4.290000	0.053761
-4.280000	0.054512
-4.270000	0.055246
-4.260000	0.055959
-4.250000	0.056649
-4.240000	0.057313
-4.230000	0.057949
-4.220000	0.058555
-4.210000	0.059128
-4.200000	0.059669
-4.190000	0.060174
-4.180000	0.060643
-4.170000	0.061076
-4.160000	0.061472
-4.150000	0.061830
-4.140000	0.062150
-4.130000	0.062433
-4.120000	0.062678
-4.110000	0.062886
-4.100000	0.063059
-4.090000	0.063195
-4.080000	0.063298
-4.070000	0.063368
-4.060000	0.063406
-4.050000	0.063413
-4.040000	0.063392
-4.030000	0.063345
-4.020000	0.063272
-4.010000	0.063177
-4.000000	0.063061
-3.990000	0.062925
-3.980000	0.062774
-3.970000	0.062608
-3.960000	0.062429
-3.950000	0.062241
-3.940000	0.062046
-3.930000	0.061845
-3.920000	0.061641
-3.910000	0.061437
-3.900000	0.061234
-3.890000	0.061035
-3.880000	0.060842
-3.870000	0.060658
-3.860000	0.060484
-3.850000	0.060322
-3.840000	0.060174
-3.830000	0.060043
-3.820000	0.059929
-3.810000	0.059835
-3.800000	0.059763
-3.790000	0.059713
-3.780000	0.059688
-3.770000	0.059688
-3.760000	0.059714
-3.750000	0.059769
-3.740000	0.059852
-3.730000	0.059964
-3.720000	0.060108
-3.710000	0.060282
-3.700000	0.060487
-3.690000	0.060724
-3.680000	0.060994
-3.670000	0.061296
-3.660000	0.061630
-3.650000	0.061997
-3.640000	0.062396
-3.630000	0.062826
-3.620000	0.063289
-3.610000	0.063782
-3.600000	0.064306
-3.590000	0.064860
-3.580000	0.065443
-3.570000	0.066054
-3.560000	0.066692
-3.550000	0.067357
-3.540000	0.068048
-3.530000	0.068762
-3.520000	0.069500
-3.510000	0.070259
-3.500000	0.071039
-3.490000	0.071839
-3.480000	0.072656
-3.470000	0.073489
-3.460000	0.074338
-3.450000	0.075200
-3.440000	0.076074
-3.430000	0.076958
-3.420000	0.077851
-3.410000	0.078752
-3.400000	0.079659
-3.390000	0.080570
-3.380000	0.081485
-3.370000	0.082400
-3.360000	0.083316
-3.350000	0.084230
-3.340000	0.085141
-3.330000	0.086047
-3.320000	0.086948
-3.310000	0.087842
-3.300000	0.088728
-3.290000	0.089604
-3.280000	0.090470
-3.270000	0.091323
-3.260000	0.092164
-3.250000	0.092990
-3.240000	0.093802
-3.230000	0.094598
-3.220000	0.095377
-3.210000	0.096139
-3.200000	0.096883
-3.190000	0.097608
-3.180000	0.098314
-3.170000	0.098999
-3.160000	0.099665
-3.150000	0.100310
-3.140000	0.100935
-3.130000	0.101538
-3.120000	0.102120
-3.110000	0.102681
-3.100000	0.103221
-3.090000	0.103739
-3.080000	0.104237
-3.070000	0.104714
-3.060000	0.105171
-3.050000	0.105608
-3.040000	0.106025
-3.030000	0.106423
-3.020000	0.106803
-3.010000	0.107164
-3.000000	0.107509
-2.990000	0.107837
-2.980000	0.108150
-2.970000	0.108448
-2.960000	0.108733
-2.950000	0.109004
-2.940000	0.109264
-2.930000	0.109512
-2.920000	0.109751
-2.910000	0.109982
-2.900000	0.110205
-2.890000	0.110422
-2.880000	0.110633
-2.870000	0.110841
-2.860000	0.111047
-2.850000	0.111251
-2.840000	0.111456
-2.830000	0.111661
-2.820000	0.111870
-2.810000	0.112082
-2.800000	0.112300
-2.790000	0.112525
-2.780000	0.112757
-2.770000	0.112999
-2.760000	0.113252
-2.750000	0.113516
-2.740000	0.113794
-2.730000	0.114087
-2.720000	0.114395
-2.710000	0.114720
-2.700000	0.115063
-2.690000	0.115426
-2.680000	0.115810
-2.670000	0.116215
-2.660000	0.116642
-2.650000	0.117094
-2.640000	0.117570
-2.630000	0.118072
-2.620000	0.118601
-2.610000	0.119157
-2.600000	0.119742
-2.590000	0.120356
-2.580000	0.121000
-2.570000	0.121674
-2.560000	0.122380
-2.550000	0.123117
-2.540000	0.123887
-2.530000	0.124690
-2.520000	0.125525
-2.510000	0.126395
-2.500000	0.127298
-2.490000	0.128236
-2.480000	0.129208
-2.470000	0.130214
-2.460000	0.131256
-2.450000	0.132331
-2.440000	0.133442
-2.430000	0.134587
-2.420000	0.135766
-2.410000	0.136980
-2.400000	0.138228
-2.390000	0.139510
-2.380000	0.140825
-2.370000	0.142173
-2.360000	0.143554
-2.350000	0.144967
-2.340000	0.146411
-2.330000	0.147887
-2.320000	0.149393
-2.310000	0.150929
-2.300000	0.152495
-2.290000	0.154088
-2.280000	0.155710
-2.270000	0.157358
-2.260000	0.159033
-2.250000	0.160732
-2.240000	0.162457
-2.230000	0.164204
-2.220000	0.165975
-2.210000	0.167767
-2.200000	0.169580
-2.190000	0.171412
-2.180000	0.173264
-2.170000	0.175133
-2.160000	0.177020
-2.150000	0.178922
-2.140000	0.180839
-2.130000	0.182769
-2.120000	0.184713
-2.110000	0.186669
-2.100000	0.188636
-2.090000	0.190612
-2.080000	0.192598
-2.070000	0.194591
-2.060000	0.196592
-2.050000	0.198600
-2.040000	0.200612
-2.030000	0.202629
-2.020000	0.204650
-2.010000	0.206674
-2.000000	0.208700
-1.990000	0.210727
-1.980000	0.212755
-1.970000	0.214783
-1.960000	0.216811
-1.950000	0.218837
-1.940000	0.220862
-1.930000	0.222885
-1.920000	0.224905
-1.910000	0.226922
-1.900000	0.228935
-1.890000	0.230945
-1.880000	0.232951
-1.870000	0.234953
-1.860000	0.236951
-1.850000	0.238944
-1.840000	0.240933
-1.830000	0.242917
-1.820000	0.244897
-1.810000	0.246873
-1.800000	0.248845
-1.790000	0.250813
-1.780000	0.252777
-1.770000	0.254739
-1.760000	0.256697
-1.750000	0.258654
-1.740000	0.260609
-1.730000	0.262562
-1.720000	0.264516
-1.710000	0.266469
-1.700000	0.268424
-1.690000	0.270380
-1.680000	0.272339
-1.670000	0.274301
-1.660000	0.276268
-1.650000	0.278241
-1.640000	0.280220
-1.630000	0.282207
-1.620000	0.284203
-1.610000	0.286209
-1.600000	0.288227
-1.590000	0.290257
-1.580000	0.292301
-1.570000	0.294360
-1.560000	0.296437
-1.550000	0.298531
-1.540000	0.300646
-1.530000	0.302781
-1.520000	0.304939
-1.510000	0.307122
-1.500000	0.309330
-1.490000	0.311567
-1.480000	0.313832
-1.470000	0.316128
-1.460000	0.318456
-1.450000	0.320819
-1.440000	0.323217
-1.430000	0.325653
-1.420000	0.328128
-1.410000	0.330643
-1.400000	0.333202
-1.390000	0.335804
-1.380000	0.338452
-1.370000	0.341148
-1.360000	0.343893
-1.350000	0.346689
-1.340000	0.349537
-1.330000	0.352439
-1.320000	0.355396
-1.310000	0.358411
-1.300000	0.361484
-1.290000	0.364617
-1.280000	0.367812
-1.270000	0.371069
-1.260000	0.374391
-1.250000	0.377778
-1.240000	0.381232
-1.230000	0.384754
-1.220000	0.388345
-1.210000	0.392006
-1.200000	0.395738
-1.190000	0.399543
-1.180000	0.403420
-1.170000	0.407372
-1.160000	0.411398
-1.150000	0.415500
-1.140000	0.419679
-1.130000	0.423934
-1.120000	0.428266
-1.110000	0.432676
-1.100000	0.437164
-1.090000	0.441730
-1.080000	0.446375
-1.070000	0.451098
-1.060000	0.455900
-1.050000	0.460780
-1.040000	0.465739
-1.030000	0.470776
-1.020000	0.475891
-1.010000	0.481083
-1.000000	0.486352
-0.990000	0.491698
-0.980000	0.497119
-0.970000	0.502615
-0.960000	0.508185
-0.950000	0.513828
-0.940000	0.519543
-0.930000	0.525328
-0.920000	0.531183
-0.910000	0.537106
-0.900000	0.543096
-0.890000	0.549151
-0.880000	0.555270
-0.870000	0.561451
-0.860000	0.567691
-0.850000	0.573990
-0.840000	0.580345
-0.830000	0.586754
-0.820000	0.593215
-0.810000	0.599726
-0.800000	0.606284
-0.790000	0.612887
-0.780000	0.619533
-0.770000	0.626219
-0.760000	0.632942
-0.750000	0.639699
-0.740000	0.646488
-0.730000	0.653306
-0.720000	0.660150
-0.710000	0.667017
-0.700000	0.673904
-0.690000	0.680807
-0.680000	0.687724
-0.670000	0.694652
-0.660000	0.701586
-0.650000	0.708524
-0.640000	0.715463
-0.630000	0.722398
-0.620000	0.729326
-0.610000	0.736244
-0.600000	0.743148
-0.590000	0.750035
-0.580000	0.756901
-0.570000	0.763742
-0.560000	0.770555
-0.550000	0.777335
-0.540000	0.784080
-0.530000	0.790785
-0.520000	0.797447
-0.510000	0.804061
-0.500000	0.810625
-0.490000	0.817134
-0.480000	0.823584
-0.470000	0.829973
-0.460000	0.836295
-0.450000	0.842548
-0.440000	0.848727
-0.430000	0.854829
-0.420000	0.860850
-0.410000	0.866787
-0.400000	0.872636
-0.390000	0.878393
-0.380000	0.884055
-0.370000	0.889619
-0.360000	0.895080
-0.350000	0.900435
-0.340000	0.905682
-0.330000	0.910816
-0.320000	0.915835
-0.310000	0.920735
-0.300000	0.925513
-0.290000	0.930166
-0.280000	0.934692
-0.270000	0.939086
-0.260000	0.943347
-0.250000	0.947471
-0.240000	0.951457
-0.230000	0.955300
-0.220000	0.958999
-0.210000	0.962552
-0.200000	0.965955
-0.190000	0.969207
-0.180000	0.972305
-0.170000	0.975249
-0.160000	0.978034
-0.150000	0.980660
-0.140000	0.983126
-0.130000	0.985428
-0.120000	0.987566
-0.110000	0.989539
-0.100000	0.991344
-0.090000	0.992981
-0.080000	0.994449
-0.070000	0.995746
-0.060000	0.996873
-0.050000	0.997827
-0.040000	0.998608
-0.030000	0.999217
-0.020000	0.999652
-0.010000	0.999913
-0.000000	1.000000
0.010000	0.999913
0.020000	0.999652
0.030000	0.999217
0.040000	0.998608
0.050000	0.997827
0.060000	0.996873
0.070000	0.995746
0.080000	0.994449
0.090000	0.992981
0.100000	0.991344
0.110000	0.989539
0.120000	0.987566
0.130000	0.985428
0.140000	0.983126
0.150000	0.980660
0.160000	0.978034
0.170000	0.975249
0.180000	0.972306
0.190000	0.969207
0.200000	0.965955
0.210000	0.962552
0.220000	0.958999
0.230000	0.955300
0.240000	0.951457
0.250000	0.947472
0.260000	0.943347
0.270000	0.939086
0.280000	0.934692
0.290000	0.930167
0.300000	0.925513
0.310000	0.920735
0.320000	0.915835
0.330000	0.910816
0.340000	0.905682
0.350000	0.900435
0.360000	0.895080
0.370000	0.889619
0.380000	0.884056
0.390000	0.878394
0.400000	0.872636
0.410000	0.866787
0.420000	0.860851
0.430000	0.854829
0.440000	0.848727
0.450000	0.842548
0.460000	0.836295
0.470000	0.829973
0.480000	0.823584
0.490000	0.817134
0.500000	0.810625
0.510000	0.804061
0.520000	0.797447
0.530000	0.790785
0.540000	0.784080
0.550000	0.777335
0.560000	0.770555
0.570000	0.763742
0.580000	0.756901
0.590000	0.750035
0.600000	0.743149
0.610000	0.736244
0.620000	0.729326
0.630000	0.722398
0.640000	0.715463
0.650000	0.708524
0.660000	0.701586
0.670000	0.694652
0.680000	0.687725
0.690000	0.680807
0.700000	0.673904
0.710000	0.667017
0.720000	0.660150
0.730000	0.653306
0.740000	0.646488
0.750000	0.639699
0.760000	0.632942
0.770000	0.626219
0.780000	0.619533
0.790000	0.612888
0.800000	0.606284
0.810000	0.599726
0.820000	0.593215
0.830000	0.586754
0.840000	0.580345
0.850000	0.573990
0.860000	0.567691
0.870000	0.561451
0.880000	0.555270
0.890000	0.549152
0.900000	0.543096
0.910000	0.537106
0.920000	0.531183
0.930000	0.525328
0.940000	0.519543
0.950000	0.513828
0.960000	0.508185
0.970000	0.502615
0.980000	0.497119
0.990000	0.491698
1.000000	0.486352
1.010000	0.481083
1.020000	0.475891
1.030000	0.470776
1.040000	0.465739
1.050000	0.460780
1.060000	0.455900
1.070000	0.451098
1.080000	0.446374
1.090000	0.441730
1.100000	0.437164
1.110000	0.432676
1.120000	0.428266
1.130000	0.423934
1.140000	0.419679
1.150000	0.415500
1.160000	0.411398
1.170000	0.407372
1.180000	0.403420
1.190000	0.399542
1.200000	0.395738
1.210000	0.392006
1.220000	0.388344
1.230000	0.384754
1.240000	0.381232
1.250000	0.377778
1.260000	0.374391
1.270000	0.371069
1.280000	0.367812
1.290000	0.364617
1.300000	0.361484
1.310000	0.358411
1.320000	0.355396
1.330000	0.352439
1.340000	0.349537
1.350000	0.346689
1.360000	0.343893
1.370000	0.341148
1.380000	0.338452
1.390000	0.335804
1.400000	0.333202
1.410000	0.330643
1.420000	0.328128
1.430000	0.325653
1.440000	0.323217
1.450000	0.320819
1.460000	0.318456
1.470000	0.316128
1.480000	0.313832
1.490000	0.311566
1.500000	0.309330
1.510000	0.307122
1.520000	0.304939
1.530000	0.302781
1.540000	0.300645
1.550000	0.298531
1.560000	0.296437
1.570000	0.294360
1.580000	0.292301
1.590000	0.290257
1.600000	0.288227
1.610000	0.286209
1.620000	0.284203
1.630000	0.282207
1.640000	0.280220
1.650000	0.278241
1.660000	0.276268
1.670000	0.274301
1.680000	0.272339
1.690000	0.270380
1.700000	0.268424
1.710000	0.266469
1.720000	0.264516
1.730000	0.262562
1.740000	0.260609
1.750000	0.258654
1.760000	0.256697
1.770000	0.254739
1.780000	0.252777
1.790000	0.250813
1.800000	0.248845
1.810000	0.246873
1.820000	0.244897
1.830000	0.242917
1.840000	0.240933
1.850000	0.238944
1.860000	0.236951
1.870000	0.234953
1.880000	0.232951
1.890000	0.230945
1.900000	0.228935
1.910000	0.226922
1.920000	0.224905
1.930000	0.222885
1.940000	0.220862
1.950000	0.218837
1.960000	0.216811
1.970000	0.214783
1.980000	0.212755
1.990000	0.210727
2.000000	0.208700
2.010000	0.206674
2.020000	0.204650
2.030000	0.202629
2.040000	0.200612
2.050000	0.198600
2.060000	0.196592
2.070000	0.194592
2.080000	0.192598
2.090000	0.190612
2.100000	0.188636
2.110000	0.186669
2.120000	0.184713
2.130000	0.182770
2.140000	0.180839
2.150000	0.178922
2.160000	0.177020
2.170000	0.175133
2.180000	0.173264
2.190000	0.171413
2.200000	0.169580
2.210000	0.167767
2.220000	0.165975
2.230000	0.164205
2.240000	0.162457
2.250000	0.160733
2.260000	0.159033
2.270000	0.157358
2.280000	0.155710
2.290000	0.154088
2.300000	0.152495
2.310000	0.150929
2.320000	0.149393
2.330000	0.147887
2.340000	0.146411
2.350000	0.144967
2.360000	0.143554
2.370000	0.142173
2.380000	0.140825
2.390000	0.139510
2.400000	0.138228
2.410000	0.136980
2.420000	0.135766
2.430000	0.134587
2.440000	0.133442
2.450000	0.132331
2.460000	0.131256
2.470000	0.130214
2.480000	0.129208
2.490000	0.128236
2.500000	0.127298
2.510000	0.126395
2.520000	0.125525
2.530000	0.124690
2.540000	0.123887
2.550000	0.123117
2.560000	0.122380
2.570000	0.121674
2.580000	0.121000
2.590000	0.120356
2.600000	0.119742
2.610000	0.119157
2.620000	0.118601
2.630000	0.118072
2.640000	0.117570
2.650000	0.117094
2.660000	0.116642
2.670000	0.116214
2.680000	0.115809
2.690000	0.115426
2.700000	0.115063
2.710000	0.114720
2.720000	0.114395
2.730000	0.114087
2.740000	0.113794
2.750000	0.113516
2.760000	0.113252
2.770000	0.112999
2.780000	0.112757
2.790000	0.112525
2.800000	0.112300
2.810000	0.112082
2.820000	0.111870
2.830000	0.111661
2.840000	0.111456
2.850000	0.111251
2.860000	0.111047
2.870000	0.110841
2.880000	0.110633
2.890000	0.110422
2.900000	0.110205
2.910000	0.109982
2.920000	0.109751
2.930000	0.109512
2.940000	0.109263
2.950000	0.109004
2.960000	0.108733
2.970000	0.108448
2.980000	0.108150
2.990000	0.107837
3.000000	0.107509
3.010000	0.107164
3.020000	0.106803
3.030000	0.106423
3.040000	0.106025
3.050000	0.105607
3.060000	0.105171
3.070000	0.104714
3.080000	0.104237
3.090000	0.103739
3.100000	0.103221
3.110000	0.102681
3.120000	0.102120
3.130000	0.101538
3.140000	0.100935
3.150000	0.100310
3.160000	0.099665
3.170000	0.098999
3.180000	0.098314
3.190000	0.097608
3.200000	0.096883
3.210000	0.096139
3.220000	0.095377
3.230000	0.094598
3.240000	0.093802
3.250000	0.092990
3.260000	0.092164
3.270000	0.091323
3.280000	0.090470
3.290000	0.089604
3.300000	0.088728
3.310000	0.087842
3.320000	0.086948
3.330000	0.086047
3.340000	0.085141
3.350000	0.084230
3.360000	0.083316
3.370000	0.082400
3.380000	0.081485
3.390000	0.080570
3.400000	0.079659
3.410000	0.078752
3.420000	0.077851
3.430000	0.076958
3.440000	0.076074
3.450000	0.075200
3.460000	0.074338
3.470000	0.073489
3.480000	0.072656
3.490000	0.071839
3.500000	0.071040
3.510000	0.070260
3.520000	0.069500
3.530000	0.068762
3.540000	0.068048
3.550000	0.067357
3.560000	0.066692
3.570000	0.066054
3.580000	0.065443
3.590000	0.064860
3.600000	0.064306
3.610000	0.063782
3.620000	0.063289
3.630000	0.062826
3.640000	0.062396
3.650000	0.061997
3.660000	0.061630
3.670000	0.061296
3.680000	0.060994
3.690000	0.060724
3.700000	0.060487
3.710000	0.060282
3.720000	0.060108
3.730000	0.059964
3.740000	0.059852
3.750000	0.059769
3.760000	0.059714
3.770000	0.059688
3.780000	0.059688
3.790000	0.059713
3.800000	0.059763
3.810000	0.059835
3.820000	0.059929
3.830000	0.060043
3.840000	0.060174
3.850000	0.060322
3.860000	0.060483
3.870000	0.060658
3.880000	0.060842
3.890000	0.061035
3.900000	0.061234
3.910000	0.061436
3.920000	0.061641
3.930000	0.061845
3.940000	0.062045
3.950000	0.062241
3.960000	0.062429
3.970000	0.062607
3.980000	0.062774
3.990000	0.062925
4.000000	0.063061
4.010000	0.063177
4.020000	0.063272
4.030000	0.063345
4.040000	0.063392
4.050000	0.063413
4.060000	0.063405
4.070000	0.063368
4.080000	0.063298
4.090000	0.063195
4.100000	0.063059
4.110000	0.062886
4.120000	0.062678
4.130000	0.062433
4.140000	0.062150
4.150000	0.061830
4.160000	0.061472
4.170000	0.061076
4.180000	0.060643
4.190000	0.060174
4.200000	0.059669
4.210000	0.059128
4.220000	0.058555
4.230000	0.057949
4.240000	0.057313
4.250000	0.056649
4.260000	0.055959
4.270000	0.055246
4.280000	0.054512
4.290000	0.053761
4.300000	0.052995
4.310000	0.052217
4.320000	0.051432
4.330000	0.050643
4.340000	0.049854
4.350000	0.049068
4.360000	0.048290
4.370000	0.047525
4.380000	0.046775
4.390000	0.046047
4.400000	0.045343
4.410000	0.044668
4.420000	0.044026
4.430000	0.043421
4.440000	0.042858
4.450000	0.042339
4.460000	0.041870
4.470000	0.041451
4.480000	0.041088
4.490000	0.040782
4.500000	0.040536
4.510000	0.040352
4.520000	0.040230
4.530000	0.040172
4.540000	0.040178
4.550000	0.040248
4.560000	0.040381
4.570000	0.040575
4.580000	0.040827
4.590000	0.041136
4.600000	0.041496
4.610000	0.041904
4.620000	0.042353
4.630000	0.042838
4.640000	0.043352
4.650000	0.043887
4.660000	0.044433
4.670000	0.044983
4.680000	0.045526
4.690000	0.046052
4.700000	0.046549
4.710000	0.047006
4.720000	0.047412
4.730000	0.047754
4.740000	0.048020
4.750000	0.048200
4.760000	0.048281
4.770000	0.048254
4.780000	0.048109
4.790000	0.047838
4.800000	0.047435
4.810000	0.046895
4.820000	0.046218
4.830000	0.045406
4.840000	0.044463
4.850000	0.043401
4.860000	0.042235
4.870000	0.040985
4.880000	0.039680
4.890000	0.038357
4.900000	0.037059
4.910000	0.035843
4.920000	0.034774
4.930000	0.033931
4.940000	0.033408
4.950000	0.033312
4.960000	0.033771
4.970000	0.034929
4.980000	0.036954
4.990000	0.040036
5.000000	0.044391


